5000
115026
106224
104862
10000
211796
194919
226525
15000
302720
285215
356507
20000
418033
417991
417168
25000
509368
508919
523422
30000
622650
621432
620832
35000
720750
721975
720562
40000
823201
815112
846900
45000
952552
930415
919002
50000
997182
1008496
1114284
55000
1139794
1142016
1137906
60000
1363988
1185886
1187669
65000
1299713
1360447
1381277
70000
1368809
1436972
1554193
75000
1518548
1519743
1615503
80000
1670089
1633965
1655676
85000
1737592
1756251
1759147
90000
1845960
1882343
1855385
95000
1953810
1975998
1947437
100000
2056082
2067163
2061310
105000
2158885
2168945
2163876
110000
2189466
2327587
2307824
115000
2319181
2376583
2414666
120000
2449180
2525606
2439799
125000
2554307
2582160
2560217
130000
2676076
2730296
2654863
135000
2748949
2830481
2769428
140000
2863626
2886537
2911973
145000
2985604
3057057
2949211
150000
3118098
3071090
3077504
155000
3201747
3184840
3177973
160000
3301079
3265965
3255022
165000
3392142
3359615
3356364
170000
3479197
3453016
3499067
175000
3592142
3565114
3571418
180000
3699502
3655583
3666652
185000
3779067
3776068
3810121
190000
3873750
3862564
3918773
195000
3976901
3970863
4009199
200000
4079273
4076261
4099308
205000
4183982
4175206
4204474
210000
4289289
4272488
4311511
215000
4384213
4373781
4410168
220000
4487387
4467333
4523332
225000
4587206
4574317
4622102
230000
4684061
4672949
4726767
235000
4793990
4778749
4817127
240000
4884262
4871642
4935245
245000
5027127
4978140
4971218
250000
5132536
5071804
5077233
255000
5232221
5171715
5192967
260000
5336851
5276529
5276127
265000
5415701
5379874
5392335
270000
5515030
5479946
5501304
275000
5636840
5581239
5591304
280000
5733445
5679747
5685262
285000
5820090
5785132
5805916
290000
5901354
5878128
5943802
295000
6039448
5989089
5988837
300000
6131427
6087764
6081352
305000
6254309
6182237
6181489
310000
6344162
6290803
6274663
315000
6466045
6376813
6358392
320000
6554945
6472217
6477441
325000
6658323
6573003
6574244
330000
6740707
6702249
6678344
335000
6843720
6808794
6780563
340000
6928415
6911428
6885027
345000
7046451
7001052
6976614
350000
7111825
7075976
7129242
355000
7175942
7169774
7269394
360000
7287861
7283881
7355209
365000
7383347
7396175
7456607
370000
7486993
7481944
7579774
375000
7593181
7590487
7675842
380000
7678193
7697140
7779592
385000
7774195
7785729
7887733
390000
7885505
7916990
7944321
395000
7981786
8002406
8058621
400000
8084160
8116271
8147951
405000
8187599
8218924
8252933
410000
8296186
8317185
8361022
415000
8377255
8418258
8471720
420000
8481446
8525860
8552605
425000
8594464
8623112
8638076
430000
8753117
8720006
8682107
435000
8875803
8803646
8792842
440000
8948886
8915924
8895634
445000
9083832
8985063
8986386
450000
9192979
9094050
9110670
455000
9278700
9192443
9214975
460000
9384183
9284877
9298356
465000
9487729
9387977
9389257
470000
9579295
9489973
9497997
475000
9691503
9576395
9595999
480000
9788583
9688589
9689229
485000
9885435
9783008
9800275
490000
9972419
9887214
9899893
495000
10034037
9939501
10049115
500000
10091114
10103115
10192513
505000
10177024
10191947
10293304
510000
10290120
10299375
10400029
515000
10415616
10403662
10453143
520000
10477820
10510080
10618085
525000
10629057
10608287
10639202
530000
10724068
10725167
10723267
535000
10820531
10827338
10830632
540000
10918948
10914170
10953238
545000
11023228
11017827
11050608
550000
11130518
11115359
11141893
555000
11238144
11214526
11240555
560000
11325466
11331198
11337897
565000
11430974
11406931
11445402
570000
11537252
11505758
11540038
575000
11632483
11613678
11663472
580000
11730710
11707109
11753845
585000
11831913
11804406
11877037
590000
11913248
11891806
11995812
595000
11996149
11991155
12108587
600000
12134141
12079448
12209253
605000
12211361
12194719
12328725
610000
12396287
12297554
12299387
615000
12494908
12387497
12414048
620000
12570995
12532312
12622969
625000
12671519
12575149
12657864
630000
12730811
12702779
12750949
635000
12760515
12793806
12937291
640000
12906723
12895232
13001525
645000
13010789
13045774
13002677
650000
13118959
13169690
13089251
655000
13167603
13373941
13210011
660000
13442474
13298321
13311645
665000
13533558
13379571
13412683
670000
13555853
13514132
13508447
675000
13602043
13749971
13597593
680000
13706367
13814596
13703241
685000
13920248
13792564
13814591
690000
14033472
13895356
13880391
695000
14018613
14095417
13992334
700000
14235213
14106271
14100427
705000
14339562
14158573
14198253
710000
14421735
14296523
14291609
715000
14495524
14405963
14399023
720000
14467407
14610948
14511558
725000
14589177
14717226
14598508
730000
14681339
14822634
14713603
735000
14840717
14909264
14794391
740000
14985863
14936537
14900550
745000
15108633
14973895
15024759
750000
15203672
15074126
15095285
755000
15291624
15193367
15191187
760000
15424236
15282687
15292990
765000
15486058
15419462
15408103
770000
15542331
15568004
15497810
775000
15560700
15720796
15599544
780000
15672920
15825408
15693462
785000
15793861
15851397
15864296
790000
15903892
15974238
15938097
795000
16005976
16063209
16039419
800000
16100450
16158360
16136542
805000
16222404
16257610
16191625
810000
16293925
16398308
16341024
815000
16421837
16480943
16433635
820000
16499420
16575352
16536518
825000
16594361
16681854
16634583
830000
16691742
16783764
16738121
835000
16797891
16865819
16843738
840000
16902442
16961649
16939572
845000
17010645
17050894
17039472
850000
17107466
17146039
17151651
855000
17253607
17230559
17230874
860000
17366840
17294095
17330687
865000
17435470
17410184
17434901
870000
17577687
17498298
17535189
875000
17675223
17602486
17628532
880000
17771351
17706464
17733094
885000
17878211
17804900
17830893
890000
17974424
17904803
17926130
895000
18079900
18008161
18023703
900000
18183550
18110896
18113016
905000
18256439
18213552
18231424
910000
18371936
18313057
18324405
915000
18468799
18406230
18419299
920000
18531939
18497600
18580248
925000
18740116
18591912
18564116
930000
18767435
18705893
18717944
935000
18945660
18799849
18763818
940000
19050690
18893457
18857281
945000
19120326
18990511
18999229
950000
19230712
19091838
19075596
955000
19371263
19193611
19157200
960000
19487938
19274714
19281826
965000
19542442
19382924
19378486
970000
19545492
19491703
19594091
975000
19785601
19582552
19592123
980000
19847857
19686572
19661426
985000
19946233
19793580
19749157
990000
20045177
19884285
19881440
995000
20076396
20002092
20034900
1000000
17619885
20096609
18961553
