1000
0
0
0
0
0
0
0
0
0
0
0
0
11000
32
31
16
0
0
0
0
0
0
0
0
0
21000
46
32
47
0
0
0
0
0
0
0
0
0
31000
63
47
62
0
0
0
0
0
0
0
0
0
41000
78
78
78
0
0
0
0
0
0
0
0
0
51000
110
93
110
0
0
0
0
0
0
0
0
0
61000
109
125
110
0
0
0
0
0
0
0
0
0
71000
125
125
140
0
0
0
0
0
0
0
0
0
81000
156
157
156
0
0
0
0
0
0
0
0
0
91000
172
171
172
0
0
0
0
0
0
0
0
0
101000
188
188
187
0
0
0
0
0
0
0
0
0
111000
203
219
219
0
0
0
0
0
0
0
0
0
121000
219
234
234
0
0
0
0
0
0
0
0
0
131000
297
250
265
0
0
0
0
0
0
0
0
0
141000
282
265
281
0
0
0
0
0
0
0
0
0
151000
297
297
281
0
0
0
0
0
0
0
0
0
161000
312
328
313
0
0
0
0
0
0
0
0
0
171000
328
328
329
0
0
0
0
0
0
0
0
0
181000
343
360
343
0
0
0
0
0
0
0
0
0
191000
375
360
375
0
0
0
0
0
0
0
0
0
201000
406
406
407
0
0
0
0
0
0
0
0
0
211000
437
422
422
0
0
0
0
0
0
0
0
0
221000
406
422
422
0
0
0
0
0
0
0
0
0
231000
438
422
437
0
0
0
0
0
0
0
0
0
241000
515
453
453
0
0
0
0
0
0
0
0
0
251000
468
469
469
0
0
0
0
0
0
0
0
0
261000
484
516
484
0
0
0
0
0
0
0
0
0
271000
500
500
516
0
0
0
0
0
0
0
0
0
281000
531
531
531
0
0
0
0
0
0
0
0
0
291000
547
547
547
0
0
0
0
0
0
0
0
0
301000
563
562
563
0
0
0
0
0
0
0
0
0
311000
562
594
578
0
0
0
0
0
0
0
0
0
321000
594
610
593
0
0
0
0
0
0
0
0
0
331000
610
625
609
0
0
0
0
0
0
0
0
0
341000
625
656
641
0
0
0
0
0
0
0
0
0
351000
656
657
656
0
0
0
0
0
0
0
0
0
361000
672
656
672
0
0
0
0
0
0
0
0
0
371000
688
687
688
0
0
0
0
0
0
0
0
0
381000
703
719
703
0
0
0
0
0
0
0
0
0
391000
718
719
735
0
0
0
0
0
0
0
0
0
401000
750
750
750
0
0
0
0
0
0
0
0
0
411000
765
750
766
0
0
0
0
0
0
0
0
0
421000
782
781
781
0
0
0
0
0
0
0
0
0
431000
797
797
797
0
0
0
0
0
0
0
0
0
441000
813
828
812
0
0
0
0
0
0
0
0
0
451000
844
828
844
0
0
0
0
0
0
0
0
0
461000
844
859
844
0
0
0
0
0
0
0
0
0
471000
875
859
875
0
0
0
0
0
0
0
0
0
481000
875
922
890
0
0
0
0
0
0
0
0
0
491000
891
921
907
0
0
0
0
0
0
0
0
0
501000
922
922
922
0
0
0
0
0
0
0
0
0
511000
1016
968
938
0
0
0
0
0
0
0
0
0
521000
953
969
953
0
0
0
0
0
0
0
0
0
531000
968
985
984
0
0
0
0
0
0
0
0
0
541000
984
1016
1016
0
0
0
0
0
0
0
0
0
551000
1016
1016
1015
0
0
0
0
0
0
0
0
0
561000
1078
1031
1047
0
0
0
0
0
0
0
0
0
571000
1047
1063
1062
0
0
0
0
0
0
0
0
0
581000
1063
1078
1063
0
0
0
0
0
0
0
0
0
591000
1093
1094
1078
0
0
0
0
0
0
0
0
0
601000
1094
1109
1109
0
0
0
0
0
0
0
0
0
611000
1109
1125
1141
0
0
0
0
0
0
0
0
0
621000
1125
1156
1141
0
0
0
0
0
0
0
0
0
631000
1140
1172
1157
0
0
0
0
0
0
0
0
0
641000
1157
1187
1250
0
0
0
0
0
0
0
0
0
651000
1297
1234
1219
0
0
0
0
0
0
0
0
0
661000
1218
1219
1219
0
0
0
0
0
0
0
0
0
671000
1219
1234
1250
0
0
0
0
0
0
0
0
0
681000
1235
1250
1250
0
0
0
0
0
0
0
0
0
691000
1266
1266
1265
0
0
0
0
0
0
0
0
0
701000
1266
1281
1297
0
0
0
0
0
0
0
0
0
711000
1297
1313
1312
0
0
0
0
0
0
0
0
0
721000
1313
1328
1312
0
0
0
0
0
0
0
0
0
731000
1344
1406
1672
0
0
0
0
0
0
0
0
0
741000
1344
1359
1391
0
0
0
0
0
0
0
0
0
751000
1360
1375
1390
0
0
0
0
0
0
0
0
0
761000
1375
1390
1407
0
0
0
0
0
0
0
0
0
771000
1391
1421
1407
0
0
0
0
0
0
0
0
0
781000
1406
1437
1438
0
0
0
0
0
0
0
0
0
791000
1766
1718
1469
0
0
0
0
0
0
0
0
0
801000
1484
1516
1484
0
0
0
0
0
0
0
0
0
811000
1468
1500
1485
0
0
0
0
0
0
0
0
0
821000
1500
1500
1500
0
0
0
0
0
0
0
0
0
831000
1500
1531
1516
0
0
0
0
0
0
0
0
0
841000
1516
1547
1547
0
0
0
0
0
0
0
0
0
851000
1531
1562
1563
0
0
0
0
0
0
0
0
0
861000
1719
1578
1578
0
0
0
0
0
0
0
0
0
871000
1579
1593
1594
0
0
0
0
0
0
0
0
0
881000
1813
1672
1625
0
0
0
0
0
0
0
0
0
891000
1641
1641
1640
0
0
0
0
0
0
0
0
0
901000
1625
1687
1641
0
0
0
0
0
0
0
0
0
911000
1671
1672
1688
0
0
0
0
0
0
0
0
0
921000
1687
1672
1687
0
0
0
0
0
0
0
0
0
931000
1688
1703
1703
0
0
0
0
0
0
0
0
0
941000
1703
1719
1718
0
0
0
0
0
0
0
0
0
951000
2093
1750
1751
0
0
0
0
0
0
0
0
0
961000
1719
1765
1750
0
0
0
0
0
0
0
0
0
971000
1781
1765
1782
0
0
0
0
0
0
0
0
0
981000
1766
1797
1796
0
0
0
0
0
0
0
0
0
991000
2016
1813
1843
0
0
0
0
0
0
0
0
0
1001000
1797
1828
1828
0
0
0
0
0
0
0
0
0
1011000
1812
1844
1844
0
0
0
0
0
0
0
0
0
1021000
1875
1859
1860
0
0
0
0
0
0
0
0
0
1031000
1859
1875
1891
0
0
0
0
0
0
0
0
0
1041000
1891
1906
1984
0
0
0
0
0
0
0
0
0
1051000
1875
1907
1921
0
0
0
0
0
0
0
0
0
1061000
1891
1937
1922
0
0
0
0
0
0
0
0
0
1071000
2203
1969
1985
0
0
0
0
0
0
0
0
0
1081000
1922
1953
1969
0
0
0
0
0
0
0
0
0
1091000
1937
1985
1968
0
0
0
0
0
0
0
0
0
1101000
1969
2000
2515
0
0
0
0
0
0
0
0
0
1111000
2250
2109
2031
0
0
0
0
0
0
0
0
0
1121000
2000
2031
2047
0
0
0
0
0
0
0
0
0
1131000
2016
2094
2297
0
0
0
0
0
0
0
0
0
1141000
2125
2219
2078
0
0
0
0
0
0
0
0
0
1151000
2063
2078
2078
0
0
0
0
0
0
0
0
0
1161000
2078
2109
2125
0
0
0
0
0
0
0
0
0
1171000
2093
2110
2125
0
0
0
0
0
0
0
0
0
1181000
2110
2156
2141
0
0
0
0
0
0
0
0
0
1191000
2125
2782
2218
0
0
0
0
0
0
0
0
0
1201000
2156
2172
2187
0
0
0
0
0
0
0
0
0
1211000
2156
2188
2187
0
0
0
0
0
0
0
0
0
1221000
2172
2203
2204
0
0
0
0
0
0
0
0
0
1231000
2188
2234
2235
0
0
0
0
0
0
0
0
0
1241000
2203
2250
2234
0
0
0
0
0
0
0
0
0
1251000
2234
2266
2266
0
0
0
0
0
0
0
0
0
1261000
2250
2297
2282
0
0
0
0
0
0
0
0
0
1271000
2250
2328
2312
0
0
0
0
0
0
0
0
0
1281000
2282
2328
2297
0
0
0
0
0
0
0
0
0
1291000
2297
2328
2343
0
0
0
0
0
0
0
0
0
1301000
2328
2343
2360
0
0
0
0
0
0
0
0
0
1311000
2343
2360
2359
0
0
0
0
0
0
0
0
0
1321000
2359
2375
2391
0
0
0
0
0
0
0
0
0
1331000
2360
2406
2391
0
0
0
0
0
0
0
0
0
1341000
2390
2547
2625
0
0
0
0
0
0
0
0
0
1351000
2453
2437
2438
0
0
0
0
0
0
0
0
0
1361000
2422
2453
2469
0
0
0
0
0
0
0
0
0
1371000
2438
2468
2469
0
0
0
0
0
0
0
0
0
1381000
2437
2500
2500
0
0
0
0
0
0
0
0
0
1391000
2469
2500
2516
0
0
0
0
0
0
0
0
0
1401000
2485
2531
2531
0
0
0
0
0
0
0
0
0
1411000
2515
2547
2547
0
0
0
0
0
0
0
0
0
1421000
2531
2594
2563
0
0
0
0
0
0
0
0
0
1431000
2563
2593
2579
0
0
0
0
0
0
0
0
0
1441000
2563
2609
2594
0
0
0
0
0
0
0
0
0
1451000
2578
2625
2609
0
0
0
0
0
0
0
0
0
1461000
2593
2641
2641
0
0
0
0
0
0
0
0
0
1471000
2609
2672
2656
0
0
0
0
0
0
0
0
0
1481000
2656
2672
2672
0
0
0
0
0
0
0
0
0
1491000
2734
2813
2734
0
0
0
0
0
0
0
0
0
1501000
2719
2719
2718
0
0
0
0
0
0
0
0
0
1511000
2782
2812
2875
0
0
0
0
0
0
0
0
0
1521000
3375
3969
3547
0
0
0
0
0
0
0
0
0
1531000
3016
3265
2985
0
0
0
0
0
0
0
0
0
1541000
3094
2828
2828
0
0
0
0
0
0
0
0
0
1551000
2813
2828
2828
0
0
0
0
0
0
0
0
0
1561000
3000
3890
3813
0
0
0
0
0
0
0
0
0
1571000
2859
3047
2954
0
0
0
0
0
0
0
0
0
1581000
2860
2890
2906
0
0
0
0
0
0
0
0
0
1591000
2875
2922
2906
0
0
0
0
0
0
0
0
0
1601000
2906
2922
2953
0
0
0
0
0
0
0
0
0
1611000
3109
3188
3109
0
0
0
0
0
0
0
0
0
1621000
2921
2954
2953
0
0
0
0
0
0
0
0
0
1631000
2937
2953
3063
0
0
0
0
0
0
0
0
0
1641000
2953
2984
2984
0
0
0
0
0
0
0
0
0
1651000
2968
3000
3000
0
0
0
0
0
0
0
0
0
1661000
3000
3031
3015
0
0
0
0
0
0
0
0
0
1671000
3046
3032
3046
0
0
0
0
0
0
0
0
0
1681000
3016
3062
3063
0
0
0
0
0
0
0
0
0
1691000
3156
3078
3078
0
0
0
0
0
0
0
0
0
1701000
3046
3094
3110
0
0
0
0
0
0
0
0
0
1711000
3078
3093
3110
0
0
0
0
0
0
0
0
0
1721000
3094
3125
3141
0
0
0
0
0
0
0
0
0
1731000
3109
3141
3140
0
0
0
0
0
0
0
0
0
1741000
3125
3156
3172
0
0
0
0
0
0
0
0
0
1751000
3141
3172
3172
0
0
0
0
0
0
0
0
0
1761000
3156
3281
3188
0
0
0
0
0
0
0
0
0
1771000
3188
3203
3219
0
0
0
0
0
0
0
0
0
1781000
3250
3859
3234
0
0
0
0
0
0
0
0
0
1791000
3234
3234
3250
0
0
0
0
0
0
0
0
0
1801000
3234
3250
3266
0
0
0
0
0
0
0
0
0
1811000
3250
3282
3281
0
0
0
0
0
0
0
0
0
1821000
3266
3281
3297
0
0
0
0
0
0
0
0
0
1831000
3296
3313
3406
0
0
0
0
0
0
0
0
0
1841000
3281
3328
3328
0
0
0
0
0
0
0
0
0
1851000
3312
3344
3344
0
0
0
0
0
0
0
0
0
1861000
3343
3344
3360
0
0
0
0
0
0
0
0
0
1871000
3344
3390
3391
0
0
0
0
0
0
0
0
0
1881000
3360
3406
3391
0
0
0
0
0
0
0
0
0
1891000
3422
3407
3406
0
0
0
0
0
0
0
0
0
1901000
3406
3422
3437
0
0
0
0
0
0
0
0
0
1911000
3438
3468
3453
0
0
0
0
0
0
0
0
0
1921000
3438
3469
3469
0
0
0
0
0
0
0
0
0
1931000
3453
3485
3484
0
0
0
0
0
0
0
0
0
1941000
3484
3531
3485
0
0
0
0
0
0
0
0
0
1951000
3484
3516
3516
0
0
0
0
0
0
0
0
0
1961000
3751
3593
3563
0
0
0
0
0
0
0
0
0
1971000
3610
3531
3547
0
0
0
0
0
0
0
0
0
1981000
3562
3578
3578
0
0
0
0
0
0
0
0
0
1991000
3563
3625
3594
0
0
0
0
0
0
0
0
0
2001000
3578
3641
3609
0
0
0
0
0
0
0
0
0
2011000
3593
3625
3625
0
0
0
0
0
0
0
0
0
2021000
3625
3625
3641
0
0
0
0
0
0
0
0
0
2031000
3640
3672
3688
0
0
0
0
0
0
0
0
0
2041000
3672
3671
3672
0
0
0
0
0
0
0
0
0
2051000
3671
3704
3703
0
0
0
0
0
0
0
0
0
2061000
3687
3750
3703
0
0
0
0
0
0
0
0
0
2071000
3719
3719
3718
0
0
0
0
0
0
0
0
0
2081000
3735
3750
3750
0
0
0
0
0
0
0
0
0
2091000
3781
3781
3782
0
0
0
0
0
0
0
0
0
2101000
3750
3797
3797
0
0
0
0
0
0
0
0
0
2111000
4109
4266
3828
0
0
0
0
0
0
0
0
0
2121000
3813
3812
3813
0
0
0
0
0
0
0
0
0
2131000
3828
3844
3859
0
0
0
0
0
0
0
0
0
2141000
3828
3859
3860
0
0
0
0
0
0
0
0
0
2151000
3875
3859
3875
0
0
0
0
0
0
0
0
0
2161000
3891
3875
3875
0
0
0
0
0
0
0
0
0
2171000
3890
3922
3922
0
0
0
0
0
0
0
0
0
2181000
4235
3937
3922
0
0
0
0
0
0
0
0
0
2191000
3938
3968
4375
0
0
0
0
0
0
0
0
0
2201000
3954
3953
3968
0
0
0
0
0
0
0
0
0
2211000
3968
4000
4032
0
0
0
0
0
0
0
0
0
2221000
3985
3999
4032
0
0
0
0
0
0
0
0
0
2231000
4015
4000
4016
0
0
0
0
0
0
0
0
0
2241000
4047
4032
4062
0
0
0
0
0
0
0
0
0
2251000
4140
4360
4390
0
0
0
0
0
0
0
0
0
2261000
4375
4109
4078
0
0
0
0
0
0
0
0
0
2271000
4812
4157
4125
0
0
0
0
0
0
0
0
0
2281000
4094
4094
4109
0
0
0
0
0
0
0
0
0
2291000
4109
4125
4125
0
0
0
0
0
0
0
0
0
2301000
4125
4140
4141
0
0
0
0
0
0
0
0
0
2311000
4187
4156
4172
0
0
0
0
0
0
0
0
0
2321000
4390
4266
4609
0
0
0
0
0
0
0
0
0
2331000
4515
4703
4516
0
0
0
0
0
0
0
0
0
2341000
4297
4203
4235
0
0
0
0
0
0
0
0
0
2351000
4218
4250
4235
0
0
0
0
0
0
0
0
0
2361000
4235
4281
4281
0
0
0
0
0
0
0
0
0
2371000
4251
4281
4297
0
0
0
0
0
0
0
0
0
2381000
4281
4282
4281
0
0
0
0
0
0
0
0
0
2391000
4281
4344
4297
0
0
0
0
0
0
0
0
0
2401000
4312
4297
4313
0
0
0
0
0
0
0
0
0
2411000
4500
4359
4344
0
0
0
0
0
0
0
0
0
2421000
4328
4375
4360
0
0
0
0
0
0
0
0
0
2431000
4391
4390
4375
0
0
0
0
0
0
0
0
0
2441000
4375
4406
4406
0
0
0
0
0
0
0
0
0
2451000
4375
4438
4406
0
0
0
0
0
0
0
0
0
2461000
4390
4438
4422
0
0
0
0
0
0
0
0
0
2471000
4438
4453
4453
0
0
0
0
0
0
0
0
0
2481000
4453
4469
4484
0
0
0
0
0
0
0
0
0
2491000
4453
4500
4516
0
0
0
0
0
0
0
0
0
2501000
4485
4515
4547
0
0
0
0
0
0
0
0
0
2511000
4516
4593
4688
0
0
0
0
0
0
0
0
0
2521000
4562
4563
4563
0
0
0
0
0
0
0
0
0
2531000
4812
4563
4562
0
0
0
0
0
0
0
0
0
2541000
4563
4562
4578
0
0
0
0
0
0
0
0
0
2551000
4594
4641
4594
0
0
0
0
0
0
0
0
0
2561000
4594
4625
4625
0
0
0
0
0
0
0
0
0
2571000
4766
4672
4641
0
0
0
0
0
0
0
0
0
2581000
4656
4625
4672
0
0
0
0
0
0
0
0
0
2591000
5219
4703
4750
0
0
0
0
0
0
0
0
0
2601000
4781
4906
4938
0
0
0
0
0
0
0
0
0
2611000
4938
4765
4766
0
0
0
0
0
0
0
0
0
2621000
4735
4750
4734
0
0
0
0
0
0
0
0
0
2631000
4719
4734
4735
0
0
0
0
0
0
0
0
0
2641000
4750
4750
4782
0
0
0
0
0
0
0
0
0
2651000
5031
4813
4750
0
0
0
0
0
0
0
0
0
2661000
4813
4812
5031
0
0
0
0
0
0
0
0
0
2671000
5126
4843
4797
0
0
0
0
0
0
0
0
0
2681000
5016
4828
4875
0
0
0
0
0
0
0
0
0
2691000
4828
4844
4859
0
0
0
0
0
0
0
0
0
2701000
5156
4844
4859
0
0
0
0
0
0
0
0
0
2711000
4891
4875
4875
0
0
0
0
0
0
0
0
0
2721000
4890
5172
4938
0
0
0
0
0
0
0
0
0
2731000
4937
4906
4954
0
0
0
0
0
0
0
0
0
2741000
4938
4922
4906
0
0
0
0
0
0
0
0
0
2751000
4969
4937
4969
0
0
0
0
0
0
0
0
0
2761000
4953
4953
4953
0
0
0
0
0
0
0
0
0
2771000
5406
5016
4968
0
0
0
0
0
0
0
0
0
2781000
5234
5032
5031
0
0
0
0
0
0
0
0
0
2791000
5031
5016
5000
0
0
0
0
0
0
0
0
0
2801000
5110
5031
5047
0
0
0
0
0
0
0
0
0
2811000
5078
5032
5031
0
0
0
0
0
0
0
0
0
2821000
5344
5109
5078
0
0
0
0
0
0
0
0
0
2831000
5125
5125
5094
0
0
0
0
0
0
0
0
0
2841000
5157
5093
5375
0
0
0
0
0
0
0
0
0
2851000
5172
5156
5125
0
0
0
0
0
0
0
0
0
2861000
5172
5125
5125
0
0
0
0
0
0
0
0
0
2871000
5250
5172
5188
0
0
0
0
0
0
0
0
0
2881000
5219
5172
5156
0
0
0
0
0
0
0
0
0
2891000
6031
5281
5203
0
0
0
0
0
0
0
0
0
2901000
5312
5188
5172
0
0
0
0
0
0
0
0
0
2911000
5265
5219
5219
0
0
0
0
0
0
0
0
0
2921000
5281
5266
5234
0
0
0
0
0
0
0
0
0
2931000
5281
5266
5281
0
0
0
0
0
0
0
0
0
2941000
5438
5328
5312
0
0
0
0
0
0
0
0
0
2951000
5344
5313
5718
0
0
0
0
0
0
0
0
0
2961000
5359
5344
5328
0
0
0
0
0
0
0
0
0
2971000
5390
5360
5375
0
0
0
0
0
0
0
0
0
2981000
5390
5344
5360
0
0
0
0
0
0
0
0
0
2991000
5438
5375
5390
0
0
0
0
0
0
0
0
0
3001000
5422
5406
5406
0
0
0
0
0
0
0
0
0
3011000
5469
6000
5437
0
0
0
0
0
0
0
0
0
3021000
5469
5437
5422
0
0
0
0
0
0
0
0
0
3031000
5485
5453
5469
0
0
0
0
0
0
0
0
0
3041000
5515
5469
5484
0
0
0
0
0
0
0
0
0
3051000
5531
5484
5484
0
0
0
0
0
0
0
0
0
3061000
5562
5516
5516
0
0
0
0
0
0
0
0
0
3071000
5594
5828
5531
0
0
0
0
0
0
0
0
0
3081000
5610
5547
5547
0
0
0
0
0
0
0
0
0
3091000
5625
5547
5562
0
0
0
0
0
0
0
0
0
3101000
5640
5594
5625
0
0
0
0
0
0
0
0
0
3111000
5688
5609
5625
0
0
0
0
0
0
0
0
0
3121000
5672
5625
5625
0
0
0
0
0
0
0
0
0
3131000
5704
5640
5672
0
0
0
0
0
0
0
0
0
3141000
5704
5671
5657
0
0
0
0
0
0
0
0
0
3151000
5719
5688
5672
0
0
0
0
0
0
0
0
0
3161000
5750
5719
5719
0
0
0
0
0
0
0
0
0
3171000
5765
5719
5719
0
0
0
0
0
0
0
0
0
3181000
5813
5718
5735
0
0
0
0
0
0
0
0
0
3191000
5812
5766
5781
0
0
0
0
0
0
0
0
0
3201000
5844
5781
5781
0
0
0
0
0
0
0
0
0
3211000
6031
5782
5781
0
0
0
0
0
0
0
0
0
3221000
5859
5813
5828
0
0
0
0
0
0
0
0
0
3231000
5984
5844
5844
0
0
0
0
0
0
0
0
0
3241000
5875
5829
5828
0
0
0
0
0
0
0
0
0
3251000
5907
5859
6156
0
0
0
0
0
0
0
0
0
3261000
5922
6156
5953
0
0
0
0
0
0
0
0
0
3271000
6438
5921
5891
0
0
0
0
0
0
0
0
0
3281000
5969
5922
5938
0
0
0
0
0
0
0
0
0
3291000
5984
6063
6062
0
0
0
0
0
0
0
0
0
3301000
6000
5922
5984
0
0
0
0
0
0
0
0
0
3311000
6016
5953
5984
0
0
0
0
0
0
0
0
0
3321000
6516
6094
5984
0
0
0
0
0
0
0
0
0
3331000
6063
6000
5984
0
0
0
0
0
0
0
0
0
3341000
6078
6016
6046
0
0
0
0
0
0
0
0
0
3351000
6047
6031
6078
0
0
0
0
0
0
0
0
0
3361000
6484
6078
6282
0
0
0
0
0
0
0
0
0
3371000
6125
6093
6063
0
0
0
0
0
0
0
0
0
3381000
6125
6079
6093
0
0
0
0
0
0
0
0
0
3391000
6156
6110
6094
0
0
0
0
0
0
0
0
0
3401000
6172
6140
6125
0
0
0
0
0
0
0
0
0
3411000
6157
6156
6156
0
0
0
0
0
0
0
0
0
3421000
6188
6141
6171
0
0
0
0
0
0
0
0
0
3431000
6250
6172
6172
0
0
0
0
0
0
0
0
0
3441000
6234
6203
6219
0
0
0
0
0
0
0
0
0
3451000
6235
6203
6219
0
0
0
0
0
0
0
0
0
3461000
6281
6219
6219
0
0
0
0
0
0
0
0
0
3471000
6265
6235
6234
0
0
0
0
0
0
0
0
0
3481000
6281
6297
6266
0
0
0
0
0
0
0
0
0
3491000
6312
6297
6297
0
0
0
0
0
0
0
0
0
3501000
6609
6313
6296
0
0
0
0
0
0
0
0
0
3511000
6344
6312
6391
0
0
0
0
0
0
0
0
0
3521000
6313
6297
6312
0
0
0
0
0
0
0
0
0
3531000
6344
6328
6328
0
0
0
0
0
0
0
0
0
3541000
6360
6359
6344
0
0
0
0
0
0
0
0
0
3551000
6360
6359
7141
0
0
0
0
0
0
0
0
0
3561000
6484
6375
6391
0
0
0
0
0
0
0
0
0
3571000
6484
6375
6391
0
0
0
0
0
0
0
0
0
3581000
6422
6406
6391
0
0
0
0
0
0
0
0
0
3591000
6406
6422
6406
0
0
0
0
0
0
0
0
0
3601000
6438
6672
6875
0
0
0
0
0
0
0
0
0
3611000
6516
6484
6469
0
0
0
0
0
0
0
0
0
3621000
6485
6484
6485
0
0
0
0
0
0
0
0
0
3631000
6469
6453
6484
0
0
0
0
0
0
0
0
0
3641000
6500
6515
6516
0
0
0
0
0
0
0
0
0
3651000
6500
6890
6578
0
0
0
0
0
0
0
0
0
3661000
6547
6563
6594
0
0
0
0
0
0
0
0
0
3671000
6547
6593
6578
0
0
0
0
0
0
0
0
0
3681000
7266
6593
6594
0
0
0
0
0
0
0
0
0
3691000
6953
6625
6813
0
0
0
0
0
0
0
0
0
3701000
6906
6922
6703
0
0
0
0
0
0
0
0
0
3711000
6672
6625
6625
0
0
0
0
0
0
0
0
0
3721000
6640
6969
6719
0
0
0
0
0
0
0
0
0
3731000
6641
6703
6703
0
0
0
0
0
0
0
0
0
3741000
6688
6703
6688
0
0
0
0
0
0
0
0
0
3751000
6688
6719
6703
0
0
0
0
0
0
0
0
0
3761000
6703
6719
6703
0
0
0
0
0
0
0
0
0
3771000
6984
6750
6750
0
0
0
0
0
0
0
0
0
3781000
6781
6766
6765
0
0
0
0
0
0
0
0
0
3791000
6766
6766
6781
0
0
0
0
0
0
0
0
0
3801000
6781
6797
6812
0
0
0
0
0
0
0
0
0
3811000
6922
7047
7031
0
0
0
0
0
0
0
0
0
3821000
6797
7250
6828
0
0
0
0
0
0
0
0
0
3831000
6829
6875
6890
0
0
0
0
0
0
0
0
0
3841000
6843
6860
6875
0
0
0
0
0
0
0
0
0
3851000
6859
6907
6906
0
0
0
0
0
0
0
0
0
3861000
6890
6938
6906
0
0
0
0
0
0
0
0
0
3871000
7563
6922
7031
0
0
0
0
0
0
0
0
0
3881000
7000
6954
6968
0
0
0
0
0
0
0
0
0
3891000
6953
6984
6985
0
0
0
0
0
0
0
0
0
3901000
6937
7000
7016
0
0
0
0
0
0
0
0
0
3911000
6969
7000
6985
0
0
0
0
0
0
0
0
0
3921000
6968
7078
7141
0
0
0
0
0
0
0
0
0
3931000
7001
7046
7063
0
0
0
0
0
0
0
0
0
3941000
7032
7031
7047
0
0
0
0
0
0
0
0
0
3951000
7360
7062
7063
0
0
0
0
0
0
0
0
0
3961000
7344
7094
7078
0
0
0
0
0
0
0
0
0
3971000
7094
7109
7109
0
0
0
0
0
0
0
0
0
3981000
7109
7125
7219
0
0
0
0
0
0
0
0
0
3991000
7204
7140
7250
0
0
0
0
0
0
0
0
0
4001000
7157
7156
7203
0
0
0
0
0
0
0
0
0
4011000
7188
7156
7187
0
0
0
0
0
0
0
0
0
4021000
7187
7438
7219
0
0
0
0
0
0
0
0
0
4031000
7188
7453
7390
0
0
0
0
0
0
0
0
0
4041000
7250
7203
7219
0
0
0
0
0
0
0
0
0
4051000
7219
7219
7250
0
0
0
0
0
0
0
0
0
4061000
7282
7734
7610
0
0
0
0
0
0
0
0
0
4071000
7562
7860
7281
0
0
0
0
0
0
0
0
0
4081000
7312
7344
7281
0
0
0
0
0
0
0
0
0
4091000
7297
7313
7328
0
0
0
0
0
0
0
0
0
4101000
7313
7343
7313
0
0
0
0
0
0
0
0
0
4111000
7343
7344
8110
0
0
0
0
0
0
0
0
0
4121000
7344
7343
7375
0
0
0
0
0
0
0
0
0
4131000
7375
7406
7391
0
0
0
0
0
0
0
0
0
4141000
7375
7375
7406
0
0
0
0
0
0
0
0
0
4151000
7406
7391
7421
0
0
0
0
0
0
0
0
0
4161000
7390
7422
7422
0
0
0
0
0
0
0
0
0
4171000
7422
7469
7484
0
0
0
0
0
0
0
0
0
4181000
7469
7453
7469
0
0
0
0
0
0
0
0
0
4191000
7515
8000
7516
0
0
0
0
0
0
0
0
0
4201000
7500
7516
7500
0
0
0
0
0
0
0
0
0
4211000
7516
7531
7532
0
0
0
0
0
0
0
0
0
4221000
7515
7547
7563
0
0
0
0
0
0
0
0
0
4231000
7547
7562
7579
0
0
0
0
0
0
0
0
0
4241000
7578
7594
7625
0
0
0
0
0
0
0
0
0
4251000
7578
7594
7828
0
0
0
0
0
0
0
0
0
4261000
7875
7828
7781
0
0
0
0
0
0
0
0
0
4271000
7688
7640
7641
0
0
0
0
0
0
0
0
0
4281000
7843
7719
7719
0
0
0
0
0
0
0
0
0
4291000
7703
7703
7735
0
0
0
0
0
0
0
0
0
4301000
7735
7890
7969
0
0
0
0
0
0
0
0
0
4311000
7750
7766
7781
0
0
0
0
0
0
0
0
0
4321000
7875
7781
7797
0
0
0
0
0
0
0
0
0
4331000
7781
7781
7813
0
0
0
0
0
0
0
0
0
4341000
7844
7812
7828
0
0
0
0
0
0
0
0
0
4351000
8594
7813
7844
0
0
0
0
0
0
0
0
0
4361000
7859
7875
7875
0
0
0
0
0
0
0
0
0
4371000
7859
7906
7860
0
0
0
0
0
0
0
0
0
4381000
7859
7875
7891
0
0
0
0
0
0
0
0
0
4391000
7891
7906
7891
0
0
0
0
0
0
0
0
0
4401000
7922
7937
7922
0
0
0
0
0
0
0
0
0
4411000
8766
7937
7938
0
0
0
0
0
0
0
0
0
4421000
8251
8015
7953
0
0
0
0
0
0
0
0
0
4431000
7969
8172
8141
0
0
0
0
0
0
0
0
0
4441000
8000
7969
7969
0
0
0
0
0
0
0
0
0
4451000
8312
8266
8047
0
0
0
0
0
0
0
0
0
4461000
8031
8047
8047
0
0
0
0
0
0
0
0
0
4471000
8062
8047
8032
0
0
0
0
0
0
0
0
0
4481000
8109
8313
8078
0
0
0
0
0
0
0
0
0
4491000
8094
8078
8094
0
0
0
0
0
0
0
0
0
4501000
8094
8078
8078
0
0
0
0
0
0
0
0
0
4511000
8093
8079
8109
0
0
0
0
0
0
0
0
0
4521000
8110
8156
8141
0
0
0
0
0
0
0
0
0
4531000
8172
8140
8172
0
0
0
0
0
0
0
0
0
4541000
8157
8172
8156
0
0
0
0
0
0
0
0
0
4551000
8203
8141
8171
0
0
0
0
0
0
0
0
0
4561000
8219
8563
8250
0
0
0
0
0
0
0
0
0
4571000
8844
8453
8312
0
0
0
0
0
0
0
0
0
4581000
8265
8219
8234
0
0
0
0
0
0
0
0
0
4591000
8235
8250
8266
0
0
0
0
0
0
0
0
0
4601000
8891
8515
8266
0
0
0
0
0
0
0
0
0
4611000
8422
8250
8250
0
0
0
0
0
0
0
0
0
4621000
8281
8282
8312
0
0
0
0
0
0
0
0
0
4631000
8578
8547
8312
0
0
0
0
0
0
0
0
0
4641000
8860
8578
8312
0
0
0
0
0
0
0
0
0
4651000
8297
8312
8329
0
0
0
0
0
0
0
0
0
4661000
8375
8360
8328
0
0
0
0
0
0
0
0
0
4671000
8328
8375
8359
0
0
0
0
0
0
0
0
0
4681000
8390
8360
8375
0
0
0
0
0
0
0
0
0
4691000
8375
8547
8672
0
0
0
0
0
0
0
0
0
4701000
8453
8453
8469
0
0
0
0
0
0
0
0
0
4711000
8469
8437
8469
0
0
0
0
0
0
0
0
0
4721000
8469
8469
8500
0
0
0
0
0
0
0
0
0
4731000
8484
8500
8485
0
0
0
0
0
0
0
0
0
4741000
8875
8531
8563
0
0
0
0
0
0
0
0
0
4751000
8531
8532
8531
0
0
0
0
0
0
0
0
0
4761000
8531
8532
8578
0
0
0
0
0
0
0
0
0
4771000
9250
8563
8562
0
0
0
0
0
0
0
0
0
4781000
8609
8579
8640
0
0
0
0
0
0
0
0
0
4791000
8609
8594
8594
0
0
0
0
0
0
0
0
0
4801000
8609
8625
8609
0
0
0
0
0
0
0
0
0
4811000
8672
8657
8640
0
0
0
0
0
0
0
0
0
4821000
9000
8718
8641
0
0
0
0
0
0
0
0
0
4831000
8765
8672
8688
0
0
0
0
0
0
0
0
0
4841000
8891
8828
8719
0
0
0
0
0
0
0
0
0
4851000
8750
8735
8734
0
0
0
0
0
0
0
0
0
4861000
8766
8718
8735
0
0
0
0
0
0
0
0
0
4871000
9063
8781
8735
0
0
0
0
0
0
0
0
0
4881000
8797
8765
8829
0
0
0
0
0
0
0
0
0
4891000
9047
8813
8765
0
0
0
0
0
0
0
0
0
4901000
8828
8922
8828
0
0
0
0
0
0
0
0
0
4911000
9015
8953
9204
0
0
0
0
0
0
0
0
0
4921000
9532
8937
8844
0
0
0
0
0
0
0
0
0
4931000
8859
8829
8843
0
0
0
0
0
0
0
0
0
4941000
9297
8891
8890
0
0
0
0
0
0
0
0
0
4951000
8906
8860
8890
0
0
0
0
0
0
0
0
0
4961000
8906
8875
8906
0
0
0
0
0
0
0
0
0
4971000
8906
8953
9000
0
0
0
0
0
0
0
0
0
4981000
9110
8922
8953
0
0
0
0
0
0
0
0
0
4991000
8984
8969
8984
0
0
0
0
0
0
0
0
0
5001000
9000
9000
8984
0
0
0
0
0
0
0
0
0
5011000
9015
9000
9016
0
0
0
0
0
0
0
0
0
5021000
9031
9016
9046
0
0
0
0
0
0
0
0
0
5031000
9031
9047
9062
0
0
0
0
0
0
0
0
0
5041000
9062
9375
9157
0
0
0
0
0
0
0
0
0
5051000
9110
9047
9078
0
0
0
0
0
0
0
0
0
5061000
9140
9110
9109
0
0
0
0
0
0
0
0
0
5071000
9109
9094
9094
0
0
0
0
0
0
0
0
0
5081000
9844
9219
9141
0
0
0
0
0
0
0
0
0
5091000
9312
9344
9141
0
0
0
0
0
0
0
0
0
5101000
9609
9484
9172
0
0
0
0
0
0
0
0
0
5111000
9188
9172
9172
0
0
0
0
0
0
0
0
0
5121000
9547
9204
9187
0
0
0
0
0
0
0
0
0
5131000
9437
9719
9219
0
0
0
0
0
0
0
0
0
5141000
9328
9250
9250
0
0
0
0
0
0
0
0
0
5151000
9625
9266
9281
0
0
0
0
0
0
0
0
0
5161000
9672
9343
9266
0
0
0
0
0
0
0
0
0
5171000
10406
9312
9344
0
0
0
0
0
0
0
0
0
5181000
9688
9343
9313
0
0
0
0
0
0
0
0
0
5191000
9359
9594
9360
0
0
0
0
0
0
0
0
0
5201000
9422
9359
9344
0
0
0
0
0
0
0
0
0
5211000
9500
9328
9344
0
0
0
0
0
0
0
0
0
5221000
9500
9578
9344
0
0
0
0
0
0
0
0
0
5231000
9406
9344
10000
0
0
0
0
0
0
0
0
0
5241000
9625
9375
9390
0
0
0
0
0
0
0
0
0
5251000
9422
9656
9438
0
0
0
0
0
0
0
0
0
5261000
9437
9438
9421
0
0
0
0
0
0
0
0
0
5271000
9469
9406
9422
0
0
0
0
0
0
0
0
0
5281000
9703
9422
9438
0
0
0
0
0
0
0
0
0
5291000
9547
9438
9437
0
0
0
0
0
0
0
0
0
5301000
9469
9485
9484
0
0
0
0
0
0
0
0
0
5311000
9500
9500
9515
0
0
0
0
0
0
0
0
0
5321000
10641
9765
9531
0
0
0
0
0
0
0
0
0
5331000
9547
9531
9531
0
0
0
0
0
0
0
0
0
5341000
9562
9578
9579
0
0
0
0
0
0
0
0
0
5351000
10031
9828
10141
0
0
0
0
0
0
0
0
0
5361000
9609
9610
9578
0
0
0
0
0
0
0
0
0
5371000
9594
9578
9735
0
0
0
0
0
0
0
0
0
5381000
9688
9640
9657
0
0
0
0
0
0
0
0
0
5391000
9703
9672
9875
0
0
0
0
0
0
0
0
0
5401000
9719
9719
9703
0
0
0
0
0
0
0
0
0
5411000
9922
9688
9875
0
0
0
0
0
0
0
0
0
5421000
9734
9703
9704
0
0
0
0
0
0
0
0
0
5431000
9797
9765
9735
0
0
0
0
0
0
0
0
0
5441000
9765
9735
9750
0
0
0
0
0
0
0
0
0
5451000
9813
9890
9766
0
0
0
0
0
0
0
0
0
5461000
10031
9765
9797
0
0
0
0
0
0
0
0
0
5471000
9828
9797
9797
0
0
0
0
0
0
0
0
0
5481000
9906
9797
9828
0
0
0
0
0
0
0
0
0
5491000
10312
9922
9860
0
0
0
0
0
0
0
0
0
5501000
10422
9953
9860
0
0
0
0
0
0
0
0
0
5511000
9891
9890
9891
0
0
0
0
0
0
0
0
0
5521000
9922
9953
9938
0
0
0
0
0
0
0
0
0
5531000
10203
9953
10578
0
0
0
0
0
0
0
0
0
5541000
9968
9922
10203
0
0
0
0
0
0
0
0
0
5551000
9969
9937
9969
0
0
0
0
0
0
0
0
0
5561000
10094
9984
9953
0
0
0
0
0
0
0
0
0
5571000
10047
10000
10000
0
0
0
0
0
0
0
0
0
5581000
10000
10016
10000
0
0
0
0
0
0
0
0
0
5591000
10047
10062
10031
0
0
0
0
0
0
0
0
0
5601000
10047
10062
10063
0
0
0
0
0
0
0
0
0
5611000
10079
10093
10516
0
0
0
0
0
0
0
0
0
5621000
10047
10078
10125
0
0
0
0
0
0
0
0
0
5631000
10125
10094
10344
0
0
0
0
0
0
0
0
0
5641000
10563
10469
10109
0
0
0
0
0
0
0
0
0
5651000
10094
10437
10094
0
0
0
0
0
0
0
0
0
5661000
10140
10110
10109
0
0
0
0
0
0
0
0
0
5671000
10156
10125
10531
0
0
0
0
0
0
0
0
0
5681000
10203
10156
10172
0
0
0
0
0
0
0
0
0
5691000
10188
10187
10203
0
0
0
0
0
0
0
0
0
5701000
10188
10187
10188
0
0
0
0
0
0
0
0
0
5711000
10875
10250
10219
0
0
0
0
0
0
0
0
0
5721000
10500
10219
10547
0
0
0
0
0
0
0
0
0
5731000
10266
10234
10235
0
0
0
0
0
0
0
0
0
5741000
10407
10265
10313
0
0
0
0
0
0
0
0
0
5751000
10656
10266
10547
0
0
0
0
0
0
0
0
0
5761000
10312
10313
10344
0
0
0
0
0
0
0
0
0
5771000
10344
10297
10313
0
0
0
0
0
0
0
0
0
5781000
10750
10313
10594
0
0
0
0
0
0
0
0
0
5791000
10391
10344
10484
0
0
0
0
0
0
0
0
0
5801000
10344
10375
10547
0
0
0
0
0
0
0
0
0
5811000
10390
10391
10391
0
0
0
0
0
0
0
0
0
5821000
10751
10406
10406
0
0
0
0
0
0
0
0
0
5831000
10797
10782
10437
0
0
0
0
0
0
0
0
0
5841000
10391
10781
10453
0
0
0
0
0
0
0
0
0
5851000
10438
10453
10453
0
0
0
0
0
0
0
0
0
5861000
10812
10797
10532
0
0
0
0
0
0
0
0
0
5871000
11719
10469
10531
0
0
0
0
0
0
0
0
0
5881000
10578
10859
10531
0
0
0
0
0
0
0
0
0
5891000
10547
10531
10547
0
0
0
0
0
0
0
0
0
5901000
10594
10547
10563
0
0
0
0
0
0
0
0
0
5911000
11062
11000
10688
0
0
0
0
0
0
0
0
0
5921000
10609
10594
10578
0
0
0
0
0
0
0
0
0
5931000
10656
10626
10609
0
0
0
0
0
0
0
0
0
5941000
11235
10640
10657
0
0
0
0
0
0
0
0
0
5951000
10953
10641
10625
0
0
0
0
0
0
0
0
0
5961000
10703
10688
10687
0
0
0
0
0
0
0
0
0
5971000
11391
10969
10703
0
0
0
0
0
0
0
0
0
5981000
10735
10703
10703
0
0
0
0
0
0
0
0
0
5991000
10719
10766
10750
0
0
0
0
0
0
0
0
0
6001000
11110
11000
10781
0
0
0
0
0
0
0
0
0
6011000
10781
10735
10734
0
0
0
0
0
0
0
0
0
6021000
10797
10781
10781
0
0
0
0
0
0
0
0
0
6031000
10781
10797
10860
0
0
0
0
0
0
0
0
0
6041000
11296
11313
10813
0
0
0
0
0
0
0
0
0
6051000
10844
10844
10844
0
0
0
0
0
0
0
0
0
6061000
10875
10860
10843
0
0
0
0
0
0
0
0
0
6071000
10906
10891
10922
0
0
0
15
0
0
0
0
0
6081000
10875
10922
10906
0
0
0
0
0
0
0
0
0
6091000
10921
10875
10938
0
0
0
0
0
0
0
0
0
6101000
10969
10922
10953
0
0
0
0
0
0
0
0
0
6111000
10938
11453
10938
0
0
0
0
0
0
0
0
0
6121000
11516
11297
10969
0
0
0
0
0
0
0
0
0
6131000
11219
10985
10984
0
0
0
0
0
0
0
0
0
6141000
11031
10969
10984
0
0
0
0
0
0
0
0
0
6151000
11281
11188
11078
0
0
0
0
0
0
0
0
0
6161000
11000
11063
11062
0
0
0
0
0
0
0
0
0
6171000
11078
11094
11063
0
0
0
0
0
0
0
0
0
6181000
11078
11078
11125
0
0
0
0
0
0
0
0
0
6191000
11094
11125
11109
0
0
0
0
0
0
0
0
0
6201000
11703
11390
11110
0
0
0
0
0
0
0
0
0
6211000
11250
11140
11172
0
0
0
0
0
0
0
0
0
6221000
11156
11187
11172
0
0
0
0
0
0
0
0
0
6231000
11172
11219
11203
0
0
0
0
0
0
0
0
0
6241000
11187
11204
11203
0
0
0
0
0
0
0
0
0
6251000
11438
11234
11219
0
0
0
0
0
0
0
0
0
6261000
11219
11297
11250
0
0
0
0
0
0
0
0
0
6271000
11328
11250
11266
0
0
0
0
0
0
0
0
0
6281000
11297
11281
11282
0
0
0
0
0
0
0
0
0
6291000
11282
11297
11328
0
0
0
0
0
0
0
0
0
6301000
11937
11297
11562
0
0
0
0
0
0
0
0
0
6311000
11376
11296
11297
0
0
0
0
0
0
0
0
0
6321000
11360
11765
11376
0
0
0
0
0
0
0
0
0
6331000
11360
11359
11375
0
0
0
0
0
0
0
0
0
6341000
11391
11391
11578
0
0
0
0
0
0
0
0
0
6351000
11390
11391
12078
0
0
0
0
0
0
0
0
0
6361000
11437
11375
11406
0
0
0
0
0
0
0
0
0
6371000
11438
11422
11422
0
0
0
0
0
0
0
0
0
6381000
11843
11719
11453
0
0
0
0
0
0
0
0
0
6391000
11469
11437
11469
0
0
0
0
0
0
0
0
0
6401000
12047
11516
11500
0
0
0
0
0
0
0
0
0
6411000
11500
11469
11938
0
0
0
0
0
0
0
0
0
6421000
11578
11547
11532
0
0
0
0
0
0
0
0
0
6431000
11609
11797
11594
0
0
0
0
0
0
0
0
0
6441000
11922
11625
11641
0
0
0
0
0
0
0
0
0
6451000
11641
11750
11766
0
0
0
0
0
0
0
0
0
6461000
11672
11688
11625
0
0
0
0
0
0
0
0
0
6471000
11688
11656
12000
0
0
0
0
0
0
0
0
0
6481000
11703
11656
11688
0
0
0
0
0
0
0
0
0
6491000
11704
11703
11687
0
0
0
0
0
0
0
0
0
6501000
11796
11719
11735
0
0
0
0
0
0
0
0
0
6511000
12203
11954
11734
0
0
0
0
0
0
0
0
0
6521000
11750
11766
11734
0
0
0
0
0
0
0
0
0
6531000
11766
11750
11797
0
0
0
0
0
0
0
0
0
6541000
12328
11734
11735
0
0
0
0
0
0
0
0
0
6551000
11844
12125
11797
0
0
0
0
0
0
0
0
0
6561000
11829
11828
11953
0
0
0
0
0
0
0
0
0
6571000
11844
12359
11812
0
0
0
0
0
0
0
0
0
6581000
11891
11859
12094
0
0
0
0
0
0
0
0
0
6591000
11860
11828
11875
0
0
0
0
0
0
0
0
0
6601000
11922
11891
11890
0
0
0
0
0
0
0
0
0
6611000
11984
11906
11875
0
0
0
0
0
0
0
0
0
6621000
11922
12203
11922
0
0
0
0
0
0
0
0
0
6631000
11938
11937
11922
0
0
0
0
0
0
0
0
0
6641000
12797
12172
11906
0
0
0
0
0
0
0
0
0
6651000
11938
11968
12516
0
0
0
0
0
0
0
0
0
6661000
12766
12250
12000
0
0
0
0
0
0
0
0
0
6671000
12344
12218
11953
0
0
0
0
0
0
0
0
0
6681000
12000
11968
11985
0
0
0
0
0
0
0
0
0
6691000
11984
11953
12000
0
0
0
0
0
0
0
0
0
6701000
12015
12000
12016
0
0
0
0
0
0
0
0
0
6711000
12484
12453
12047
0
0
0
0
0
0
0
0
0
6721000
12157
12031
12031
0
0
0
0
0
0
0
0
0
6731000
12141
12266
12047
0
0
0
0
0
0
0
0
0
6741000
12125
12078
12110
0
0
0
0
0
0
0
0
0
6751000
12062
12063
12078
0
0
0
0
0
0
0
0
0
6761000
12109
12047
12078
0
0
0
0
0
0
0
0
0
6771000
12187
12157
12156
0
0
0
0
0
0
0
0
0
6781000
12125
12156
12110
0
0
0
0
0
0
0
0
0
6791000
13328
12187
12188
0
0
0
0
0
0
0
0
0
6801000
13984
12547
12234
0
0
0
0
0
0
0
0
0
6811000
12297
12219
12235
0
0
0
0
0
0
0
0
0
6821000
12235
12187
12204
0
0
0
0
0
0
0
0
0
6831000
12203
12203
12250
0
0
0
0
0
0
0
0
0
6841000
12282
12250
12250
0
0
0
0
0
0
0
0
0
6851000
12297
12282
12281
0
0
0
0
0
0
0
0
0
6861000
12641
12578
12297
0
0
0
0
0
0
0
0
0
6871000
12547
12297
12546
0
0
0
0
0
0
0
0
0
6881000
12859
12594
12313
0
0
0
0
0
0
0
0
0
6891000
12328
12641
12359
0
0
0
0
0
0
0
0
0
6901000
12375
12360
12359
0
0
0
0
0
0
0
0
0
6911000
12875
12390
12391
0
0
0
0
0
0
0
0
0
6921000
12375
12406
12391
0
0
0
0
0
0
0
0
0
6931000
12500
12406
12406
0
0
0
0
0
0
0
0
0
6941000
13297
12657
12390
0
0
0
0
0
0
0
0
0
6951000
12469
12469
12453
0
0
0
0
0
0
0
0
0
6961000
12844
12687
12469
0
0
0
0
0
0
0
0
0
6971000
12781
12453
12750
0
0
0
0
0
0
0
0
0
6981000
12812
12547
12641
0
0
0
0
0
0
0
0
0
6991000
12547
12531
12500
0
0
0
0
0
0
0
0
0
7001000
13500
12547
12578
0
0
0
0
0
0
0
0
0
7011000
12562
12735
13922
0
0
0
0
0
0
0
0
0
7021000
12672
12547
12907
0
0
0
0
0
0
0
0
0
7031000
12610
12625
12609
0
0
0
0
0
0
0
0
0
7041000
12657
12593
12641
0
0
0
0
0
0
0
0
0
