1000
2
1
1
0
0
0
0
0
0
0
0
0
2000
3
2
3
0
0
0
0
0
0
0
0
0
3000
4
3
4
0
0
0
0
0
0
0
0
0
4000
5
5
5
0
0
0
0
0
0
0
0
0
5000
6
7
6
0
0
0
0
0
0
0
0
0
6000
8
8
8
0
0
0
0
0
0
0
0
0
7000
9
9
9
0
0
0
0
0
0
0
0
0
8000
10
10
11
0
0
0
0
0
0
0
0
0
9000
12
11
11
0
0
0
0
0
0
0
0
0
10000
13
13
12
0
0
0
0
0
0
0
0
0
11000
14
15
14
0
0
1
0
0
0
0
0
0
12000
16
15
15
0
0
0
0
0
0
0
0
0
13000
17
18
16
0
0
0
0
0
0
0
0
0
14000
18
18
18
0
0
0
0
0
0
0
0
0
15000
19
19
20
0
0
0
0
0
0
0
0
0
16000
20
21
20
0
0
0
0
0
0
0
0
0
17000
22
21
22
0
0
0
0
0
0
0
0
0
18000
24
23
23
0
0
0
0
0
0
0
0
0
19000
24
24
25
0
0
0
0
0
0
0
0
0
20000
26
26
26
0
0
0
0
0
0
0
0
0
21000
27
27
27
0
0
0
0
0
0
0
0
0
22000
28
28
28
0
0
0
0
0
0
0
0
0
23000
30
29
30
0
0
0
0
0
0
0
0
0
24000
32
32
31
0
0
0
0
0
0
0
0
0
25000
33
32
34
0
0
0
0
0
0
0
0
0
26000
33
34
33
0
0
0
0
0
0
0
0
0
27000
35
37
35
0
0
0
0
0
0
0
0
0
28000
36
36
36
0
0
0
0
0
0
0
0
0
29000
37
37
37
0
0
0
0
0
0
0
0
0
30000
39
38
39
0
0
0
0
0
0
0
0
0
31000
40
41
40
0
0
0
0
0
0
0
0
0
32000
42
41
41
0
0
0
0
0
0
0
0
0
33000
43
42
43
0
0
0
0
0
0
0
0
0
34000
44
43
45
0
0
0
0
0
0
0
0
0
35000
45
45
46
0
0
0
0
0
0
0
0
0
36000
46
47
46
0
0
0
0
0
0
0
0
0
37000
48
48
48
0
0
0
0
0
0
0
0
0
38000
49
49
49
0
0
0
0
0
0
0
0
0
39000
51
50
51
0
0
0
0
0
0
0
0
0
40000
52
52
53
0
0
0
0
0
0
0
0
0
41000
53
53
53
0
0
0
0
0
0
0
0
0
42000
54
54
54
0
0
0
0
0
0
0
0
0
43000
56
55
56
0
0
0
0
0
0
0
0
0
44000
57
57
57
0
0
0
0
0
0
0
0
0
45000
58
59
58
0
0
0
0
0
0
0
0
0
46000
59
60
59
0
0
0
0
0
0
0
0
0
47000
61
61
60
0
0
0
0
0
0
0
0
0
48000
63
62
63
0
0
0
0
0
0
0
0
0
49000
63
64
63
0
0
0
0
0
0
0
0
0
50000
65
65
64
0
0
0
0
0
0
0
0
0
51000
66
66
66
0
0
0
0
0
0
0
0
0
52000
68
67
67
0
0
0
0
0
0
0
0
0
53000
69
68
68
0
0
0
0
0
0
0
0
0
54000
71
70
70
0
0
0
0
0
0
0
0
0
55000
71
71
71
0
0
0
0
0
0
0
0
0
56000
72
72
72
0
0
0
1
0
0
0
0
0
57000
74
74
74
0
0
0
0
0
0
0
0
0
58000
75
75
75
0
0
0
0
0
0
0
0
0
59000
77
76
76
0
0
0
0
0
0
0
0
0
60000
78
78
77
0
0
0
0
0
0
0
0
0
61000
79
79
78
0
0
0
0
0
0
0
0
0
62000
80
80
80
0
0
0
0
0
0
0
0
0
63000
82
81
82
0
0
0
0
0
0
0
0
0
64000
83
83
82
0
0
0
0
0
0
0
0
0
65000
84
86
84
0
0
0
0
0
0
0
0
0
66000
86
86
85
0
0
0
0
0
0
0
0
0
67000
87
86
87
0
0
0
0
0
0
0
0
0
68000
89
88
88
0
0
0
0
0
0
0
0
0
69000
90
89
89
0
0
0
0
0
0
0
0
0
70000
91
93
90
0
0
0
0
0
0
0
0
0
71000
92
92
98
0
0
0
0
0
0
0
0
0
72000
102
114
98
0
0
0
0
0
0
0
0
0
73000
102
95
96
0
0
0
0
0
0
0
0
0
74000
96
95
98
0
0
0
0
0
0
0
0
0
75000
98
96
96
0
0
0
0
0
0
0
0
0
76000
99
98
98
0
0
0
0
0
0
0
0
0
77000
101
107
102
0
0
0
0
0
0
0
0
0
78000
102
106
102
0
0
0
0
0
0
0
0
0
79000
103
102
101
0
0
0
0
0
0
0
0
0
80000
109
102
103
0
0
0
0
0
0
0
0
0
81000
105
105
104
0
0
0
0
0
0
0
0
0
82000
107
106
106
0
0
0
0
0
0
0
0
0
83000
109
106
106
0
0
0
0
0
0
0
0
0
84000
109
108
109
0
0
0
0
0
0
0
0
0
85000
110
110
109
0
0
0
0
0
0
0
0
0
86000
111
111
111
0
0
0
0
0
0
0
0
0
87000
113
113
112
0
0
0
0
0
0
0
0
0
88000
115
113
114
0
0
0
0
0
0
0
0
0
89000
115
114
115
0
0
0
0
0
0
1
0
0
90000
117
117
116
0
0
0
0
0
0
0
0
0
91000
118
118
117
0
0
0
0
0
0
0
0
0
92000
119
118
119
0
0
0
0
0
0
0
0
0
93000
121
120
120
0
0
0
0
0
0
0
0
0
94000
123
121
121
0
0
0
0
0
0
0
0
0
95000
130
127
122
0
0
0
0
0
0
0
0
0
96000
124
125
123
0
0
0
0
0
0
0
0
0
97000
126
127
126
0
0
0
0
0
0
0
0
0
98000
127
126
126
0
0
0
0
1
0
0
0
0
99000
128
127
128
0
0
0
0
0
0
0
0
0
100000
130
131
130
0
0
0
0
0
0
0
0
0
101000
131
130
131
0
0
0
0
0
0
0
0
0
102000
132
132
131
0
0
0
0
0
0
0
0
0
103000
139
140
162
0
0
0
0
0
0
0
0
0
104000
140
134
136
0
0
0
0
0
0
0
0
0
105000
143
145
139
0
0
0
0
0
0
0
0
0
106000
142
143
146
0
0
0
0
0
0
0
0
0
107000
140
138
141
0
0
0
0
0
0
0
0
0
108000
148
146
146
0
0
0
0
0
0
0
0
0
109000
147
145
147
0
0
0
0
0
0
0
0
0
110000
149
142
142
0
0
0
0
0
0
0
0
0
111000
146
143
142
0
0
0
0
0
0
0
0
0
112000
145
145
145
0
0
0
0
0
0
0
0
0
113000
147
145
146
0
0
0
0
0
0
0
0
0
114000
148
147
147
0
0
0
0
0
0
0
0
0
115000
149
148
149
0
0
0
0
0
0
0
0
0
116000
150
149
149
0
0
0
0
0
0
0
1
0
117000
153
151
151
0
0
0
0
0
0
0
0
0
118000
153
154
152
0
0
0
0
0
0
0
0
0
119000
154
154
153
0
0
0
0
0
0
0
0
0
120000
155
154
157
0
0
0
0
0
0
0
0
0
121000
158
156
156
0
0
0
0
0
0
0
0
0
122000
158
157
158
0
0
0
0
0
0
0
0
0
123000
160
158
158
0
0
0
0
0
0
0
0
0
124000
160
160
160
0
0
0
0
0
0
0
0
0
125000
162
161
162
0
0
0
0
0
0
0
0
0
126000
163
163
163
0
0
0
0
0
0
0
0
0
127000
164
163
164
0
0
0
0
0
0
0
0
0
128000
166
165
165
0
0
0
0
0
0
0
0
0
129000
168
166
166
0
0
0
0
0
0
0
0
0
130000
168
168
167
0
0
0
0
0
0
0
0
0
131000
170
168
170
0
0
0
0
0
0
0
0
0
132000
171
170
171
0
0
0
0
0
0
0
0
0
133000
173
170
172
0
0
0
0
0
0
0
0
0
134000
176
173
173
0
0
0
0
0
0
0
0
0
135000
174
175
175
0
0
0
0
0
0
0
0
0
136000
177
181
176
0
0
0
0
0
0
0
0
0
137000
178
177
178
0
0
0
0
0
0
0
0
0
138000
179
179
180
0
0
0
0
0
0
0
0
0
139000
183
180
180
0
0
0
0
0
0
0
0
0
140000
181
181
181
0
0
0
0
0
0
0
0
0
141000
184
182
182
0
0
0
0
0
0
0
0
0
142000
185
185
184
0
0
0
0
0
0
0
0
0
143000
185
186
185
0
0
0
0
0
0
0
0
0
144000
188
187
185
0
0
0
0
0
0
0
0
0
145000
189
188
188
0
0
0
0
0
0
0
0
0
146000
190
189
189
0
0
0
0
0
0
0
0
0
147000
191
190
189
0
0
0
0
0
0
0
0
0
148000
200
192
198
0
0
0
0
0
0
0
0
0
149000
201
201
194
0
0
0
0
0
0
0
0
0
150000
214
202
194
0
0
0
0
0
0
0
0
0
151000
196
196
195
0
0
0
0
0
0
0
0
0
152000
203
206
211
0
0
0
0
0
0
0
0
0
153000
199
201
197
0
0
0
0
0
1
0
0
0
154000
200
212
202
0
0
0
0
0
0
0
0
0
155000
205
203
203
0
0
0
0
0
0
0
0
0
156000
203
206
206
0
0
0
0
0
0
0
0
0
157000
205
205
203
0
0
0
0
0
0
0
0
0
158000
205
206
204
0
0
0
0
0
0
0
0
0
159000
207
208
209
0
0
0
0
0
0
0
0
0
160000
207
207
206
0
0
0
0
0
0
0
0
0
161000
209
208
219
0
0
0
0
0
0
0
0
0
162000
213
213
210
0
0
0
0
0
0
0
0
0
163000
212
211
223
0
0
0
0
0
0
0
0
0
164000
215
213
215
0
0
0
0
0
0
0
0
0
165000
215
213
221
0
0
0
0
0
0
0
0
0
166000
217
216
217
0
0
0
0
0
0
0
0
0
167000
218
218
216
0
0
0
0
0
0
0
0
0
168000
219
218
220
0
0
0
0
0
0
0
0
0
169000
220
221
220
0
0
0
0
0
0
0
0
0
170000
224
225
226
0
0
0
0
0
0
0
0
0
171000
223
221
222
0
0
0
0
0
0
0
0
0
172000
248
243
231
0
0
0
0
0
0
0
0
0
173000
224
228
227
0
0
0
0
0
0
0
0
0
174000
229
228
227
0
0
0
0
0
0
0
0
0
175000
227
227
229
0
0
0
0
0
0
0
0
0
176000
228
229
228
0
0
0
0
0
0
0
0
0
177000
230
229
228
0
0
0
0
0
0
0
0
0
178000
231
230
231
0
0
0
0
0
0
0
0
0
179000
232
232
232
0
0
0
0
0
0
0
0
0
180000
236
234
235
0
0
0
0
0
0
0
0
0
181000
236
235
237
0
0
0
0
0
0
0
0
0
182000
236
239
237
0
0
0
0
0
0
0
0
0
183000
238
240
246
0
0
0
0
0
0
0
0
0
184000
239
245
286
0
0
0
0
0
1
0
0
0
185000
1165
357
284
0
0
0
0
0
0
0
0
0
186000
242
245
254
0
0
0
0
0
0
0
0
0
187000
246
242
242
0
0
0
0
0
0
0
0
0
188000
245
244
243
0
0
0
0
0
0
0
0
0
189000
246
245
244
0
0
0
0
0
0
0
0
0
190000
247
246
246
0
0
0
0
0
0
0
0
0
191000
252
247
248
0
0
0
0
0
0
0
0
0
192000
250
249
249
0
0
0
0
0
0
0
0
0
193000
252
249
251
0
0
0
0
0
0
0
0
0
194000
253
250
253
0
0
0
0
0
0
0
0
0
195000
253
252
252
0
0
0
0
1
0
0
0
0
196000
257
253
253
0
0
0
0
0
0
0
0
0
197000
257
257
255
0
0
0
0
0
0
0
0
0
198000
257
256
258
0
0
0
0
0
0
0
0
0
199000
259
258
259
0
0
0
0
0
0
0
0
0
200000
260
259
260
0
0
0
0
0
0
0
0
0
201000
261
259
259
0
0
0
0
0
0
0
0
0
202000
262
263
261
0
0
0
0
0
0
0
0
0
203000
264
262
262
0
0
0
0
0
0
0
0
0
204000
265
265
269
0
0
0
0
0
0
0
0
0
205000
276
264
266
0
0
0
0
0
0
0
0
0
206000
268
266
267
0
0
0
0
0
0
0
0
0
207000
270
267
268
0
0
0
0
0
0
0
0
0
208000
269
269
270
0
0
0
0
0
0
0
0
0
209000
271
282
270
0
0
0
0
0
0
0
0
0
210000
273
272
271
0
0
0
0
0
0
0
0
0
211000
274
272
275
0
0
0
0
0
0
0
0
0
212000
277
274
277
0
0
0
0
0
0
0
0
0
213000
275
277
297
0
0
0
0
0
0
0
0
0
214000
280
280
285
0
0
0
0
0
0
0
0
0
215000
288
290
281
0
0
0
0
0
0
0
0
0
216000
291
281
288
0
0
0
0
0
0
0
0
0
217000
292
283
306
0
0
0
0
0
0
0
0
0
218000
284
295
296
0
0
0
0
0
0
0
0
0
219000
286
294
299
0
0
0
0
0
0
0
0
0
220000
288
315
311
0
0
0
0
0
0
0
0
0
221000
293
285
296
0
0
0
0
0
0
0
0
0
222000
301
286
300
0
0
0
0
0
0
0
0
0
223000
293
291
291
0
0
0
0
0
0
0
0
0
224000
290
298
291
0
0
0
0
0
0
0
0
1
225000
303
319
298
0
0
0
0
0
0
0
0
0
226000
298
312
316
0
0
0
0
0
0
0
1
0
227000
294
294
296
0
0
0
0
0
0
0
0
0
228000
303
297
299
0
0
0
0
0
0
0
0
0
229000
313
304
314
0
0
0
0
0
0
0
0
0
230000
304
302
301
0
0
0
0
0
0
0
0
0
231000
330
322
346
0
0
0
0
0
0
0
0
0
232000
311
322
349
0
0
0
0
0
0
0
0
0
233000
317
330
342
0
0
0
0
0
0
0
0
0
234000
305
312
313
0
0
0
0
0
0
0
0
0
235000
317
305
304
0
0
0
0
0
0
0
0
0
236000
306
307
305
0
0
0
0
0
0
0
0
0
237000
308
306
306
0
0
0
0
0
0
0
0
0
238000
309
309
318
0
0
0
0
0
0
0
0
0
239000
321
308
308
0
0
0
0
0
0
0
0
0
240000
312
312
311
0
0
0
0
0
0
0
0
0
241000
314
313
312
0
0
0
0
0
0
0
0
0
242000
314
314
313
0
0
0
0
0
0
0
0
0
243000
315
314
313
0
0
0
0
0
0
0
0
0
244000
316
315
315
0
0
0
0
0
0
1
0
0
245000
321
316
316
0
0
0
0
0
0
0
0
0
246000
319
319
319
0
0
0
0
0
0
0
0
0
247000
321
318
344
0
0
0
0
0
0
0
0
0
248000
375
370
377
0
0
0
0
0
0
0
0
0
249000
358
347
341
0
0
0
0
0
0
0
0
0
250000
360
347
334
0
0
0
0
0
0
0
0
0
251000
325
325
324
0
0
0
0
0
0
0
0
0
252000
328
327
328
0
0
0
0
0
0
0
0
0
253000
328
326
328
0
0
0
0
0
0
0
0
0
254000
332
329
331
0
0
0
0
0
0
0
0
0
255000
330
334
331
0
0
0
0
0
0
0
0
0
256000
332
330
331
0
0
0
0
0
0
0
0
0
257000
332
333
332
0
0
0
0
0
0
0
0
0
258000
334
333
333
0
0
0
0
0
0
0
0
0
259000
337
336
335
0
0
0
0
0
0
0
0
0
260000
337
337
336
0
0
0
0
0
0
0
0
0
261000
338
337
339
0
0
0
0
0
0
0
0
0
262000
339
338
340
0
0
0
0
0
0
0
0
0
263000
343
342
340
0
0
0
0
0
0
0
0
0
264000
344
341
341
0
0
0
0
0
0
0
0
0
265000
344
344
342
0
0
0
0
0
0
0
0
0
266000
349
350
345
0
0
0
0
0
0
0
1
0
267000
349
345
346
0
0
0
0
0
0
0
0
0
268000
347
347
347
0
0
0
0
0
0
0
0
0
269000
349
348
349
0
0
0
0
0
0
0
0
0
270000
351
352
349
0
0
0
0
0
0
0
0
0
271000
352
352
350
0
0
0
0
0
0
0
0
0
272000
354
352
354
0
0
0
0
0
0
0
0
0
273000
354
354
354
0
0
0
0
0
0
0
0
0
274000
355
354
355
0
0
0
0
0
0
0
0
0
275000
358
356
356
0
0
0
0
0
0
0
0
0
276000
360
357
358
0
0
0
0
0
0
0
0
0
277000
360
360
359
0
0
0
0
0
0
0
0
0
278000
361
360
360
0
0
0
0
0
0
0
0
0
279000
364
361
363
0
0
0
0
0
0
0
0
0
280000
366
363
362
0
0
0
0
0
0
0
0
0
281000
365
365
366
0
0
0
0
0
0
0
0
0
282000
367
365
365
0
0
0
0
0
0
0
0
0
283000
370
366
366
0
0
0
0
0
0
0
0
0
284000
369
369
368
0
0
0
0
0
0
0
0
0
285000
370
371
369
0
0
0
0
0
0
0
0
0
286000
371
377
374
0
0
0
0
0
0
0
0
0
287000
375
372
378
0
0
0
0
0
0
0
0
0
288000
379
382
383
0
0
0
0
0
0
0
0
0
289000
378
384
383
0
0
0
0
0
0
0
0
0
290000
376
379
375
0
0
0
0
0
0
0
0
0
291000
391
378
379
0
0
0
0
0
0
0
0
0
292000
385
378
380
0
0
0
0
0
0
0
0
0
293000
381
383
390
0
0
0
0
0
0
0
0
0
294000
382
381
380
0
0
0
0
0
0
0
0
0
295000
387
384
384
0
0
0
0
0
0
0
0
0
296000
386
385
387
0
0
0
0
0
0
0
0
0
297000
388
388
392
0
0
0
0
0
0
0
0
0
298000
389
389
391
0
0
0
0
0
0
0
0
0
299000
389
387
389
0
0
0
0
0
0
0
0
0
300000
399
389
389
0
0
0
0
0
0
0
0
0
301000
391
389
389
0
0
0
0
0
0
0
0
0
302000
393
392
392
0
0
0
0
0
0
0
0
0
303000
398
392
399
0
0
0
0
0
0
0
0
0
304000
395
394
397
0
0
0
0
0
0
0
0
0
305000
403
397
398
0
0
0
0
0
0
0
0
0
306000
399
400
404
0
0
0
0
0
0
0
0
0
307000
410
411
407
0
0
0
0
0
0
0
0
0
308000
402
400
403
0
0
0
0
0
0
0
0
0
309000
404
408
404
0
0
0
0
0
0
0
0
0
310000
402
407
407
0
0
0
0
0
0
0
0
0
311000
410
405
406
0
0
0
0
0
0
0
0
0
312000
408
403
406
0
0
0
0
0
0
0
0
0
313000
407
407
405
0
0
0
0
0
0
0
0
0
314000
411
405
410
0
0
0
0
0
0
0
0
0
315000
412
407
410
0
0
0
0
0
0
0
0
0
316000
411
414
413
0
0
0
0
0
0
0
0
0
317000
419
413
412
0
0
0
0
0
0
0
0
0
318000
413
414
416
0
0
0
0
0
0
0
0
0
319000
416
415
420
0
0
0
0
0
0
0
0
0
320000
418
416
417
0
0
0
0
0
0
0
0
1
321000
419
419
417
0
0
0
0
0
0
0
0
0
322000
424
419
419
0
0
0
0
0
0
0
0
0
323000
420
419
420
0
0
0
0
1
0
0
0
0
324000
430
424
427
0
0
0
0
0
0
0
0
0
325000
429
432
423
0
0
0
0
0
0
0
0
0
326000
423
422
423
0
0
0
0
0
0
0
0
0
327000
428
426
427
0
0
0
0
0
0
0
0
0
328000
430
423
426
0
0
0
0
0
0
0
0
0
329000
431
430
432
0
0
0
0
0
0
0
0
0
330000
431
430
428
0
0
0
0
0
0
0
0
0
331000
432
433
433
0
0
0
0
0
0
0
0
0
332000
436
429
435
0
0
0
0
0
0
0
0
0
333000
438
434
441
0
0
0
0
0
0
0
0
0
334000
434
437
432
0
0
0
0
0
0
0
0
0
335000
444
443
434
0
0
0
0
0
0
0
0
0
336000
441
438
438
0
0
0
0
0
0
0
0
0
337000
439
444
441
0
0
0
0
0
0
0
0
0
338000
442
439
441
0
0
0
0
0
0
0
0
0
339000
440
440
439
0
0
0
0
0
0
0
0
0
340000
441
449
439
0
0
0
0
1
0
0
0
0
341000
448
444
451
0
0
0
0
0
0
0
0
0
342000
445
448
443
0
0
0
1
0
0
0
0
0
343000
448
446
453
0
0
0
0
0
0
0
0
0
344000
449
445
447
0
0
0
0
0
0
0
0
1
345000
450
450
447
0
0
0
0
0
0
0
0
0
346000
456
447
451
0
0
0
0
0
0
0
0
0
347000
451
452
452
0
0
0
0
0
0
0
0
0
348000
452
459
457
0
0
0
0
0
0
0
0
0
349000
461
458
455
0
0
0
0
0
0
0
0
0
350000
462
460
459
0
0
0
1
0
0
0
0
0
351000
460
460
458
0
0
0
0
0
0
0
0
0
352000
470
469
470
0
0
0
0
0
0
0
0
0
353000
556
505
467
0
0
0
0
0
0
0
0
0
354000
468
485
508
0
0
0
0
0
0
0
0
0
355000
466
468
470
0
0
0
0
0
0
0
0
0
356000
477
468
464
0
0
0
0
0
0
0
0
0
357000
466
465
466
0
0
0
0
0
0
0
0
0
358000
475
473
475
0
0
0
0
0
0
0
0
0
359000
471
467
466
0
0
0
0
0
0
0
0
0
360000
470
471
468
0
0
0
0
0
0
0
0
0
361000
476
473
469
0
0
0
0
0
0
0
0
0
362000
474
469
475
0
0
0
0
0
0
0
0
0
363000
478
473
477
0
0
0
0
0
0
0
0
0
364000
472
476
475
0
0
0
0
0
0
0
0
0
365000
491
476
473
0
0
0
0
0
0
0
0
0
366000
474
473
474
0
0
0
0
0
0
0
0
0
367000
477
474
477
0
0
0
0
0
0
0
0
0
368000
479
480
476
0
0
0
0
0
0
0
0
0
369000
481
477
477
0
0
0
0
0
0
0
0
0
370000
481
478
479
0
0
0
0
0
0
0
0
0
371000
482
480
483
0
0
0
0
0
0
0
0
0
372000
483
481
483
0
0
0
0
0
0
0
0
0
373000
486
483
482
0
0
0
0
1
0
0
0
0
374000
498
484
482
0
0
0
0
0
0
0
1
0
375000
487
488
486
0
0
0
0
0
0
0
0
0
376000
489
486
486
0
0
0
0
0
0
0
0
0
377000
491
486
490
0
0
0
0
0
0
0
0
0
378000
514
519
490
0
0
0
0
0
0
0
0
0
379000
493
491
491
0
0
0
0
0
0
0
0
0
380000
495
493
491
0
0
0
0
0
0
0
0
0
381000
494
495
494
0
0
0
0
0
0
0
0
0
382000
496
495
497
0
0
0
0
0
0
0
0
0
383000
498
494
495
0
0
0
0
0
0
0
0
0
384000
497
495
496
0
0
0
0
0
0
0
0
0
385000
500
496
499
0
0
0
0
0
0
0
0
0
386000
501
499
502
0
0
0
0
0
0
0
0
0
387000
501
501
501
0
0
0
0
0
0
0
0
0
388000
504
501
502
0
0
0
0
0
0
0
0
0
389000
505
503
503
0
0
0
0
0
0
0
0
0
390000
511
504
504
0
0
0
0
0
0
0
0
0
391000
507
507
506
0
0
0
0
0
0
0
0
0
392000
511
507
507
0
0
0
0
0
0
0
0
0
393000
511
507
509
0
0
0
0
0
0
0
0
0
394000
513
511
510
0
0
0
0
0
0
0
0
0
395000
513
509
511
0
0
0
0
0
0
0
0
0
396000
515
511
512
0
0
0
0
0
0
0
0
0
397000
515
513
514
0
0
0
0
0
0
0
0
0
398000
517
514
515
0
0
0
0
0
0
0
0
0
399000
519
514
518
0
0
0
0
0
0
0
0
0
400000
517
518
517
0
0
0
0
0
0
0
0
0
401000
521
530
518
0
0
0
1
0
0
0
0
0
402000
523
519
519
0
0
0
0
0
0
0
0
0
403000
524
520
521
0
0
0
0
0
0
0
0
0
404000
525
522
522
0
0
0
0
0
0
0
0
0
405000
524
524
523
0
0
0
0
0
0
0
0
0
406000
528
525
525
0
0
0
0
0
0
0
0
0
407000
530
526
527
0
0
0
0
0
0
0
0
0
408000
529
526
530
0
0
0
0
0
0
0
0
0
409000
533
531
542
0
0
0
0
0
0
0
0
0
410000
540
539
555
0
0
0
0
1
0
0
0
0
411000
543
571
540
0
0
0
0
0
0
0
0
0
412000
535
538
537
0
0
0
0
0
0
0
0
0
413000
541
537
542
0
0
0
0
0
0
0
0
0
414000
549
703
536
0
0
0
0
0
0
0
0
0
415000
545
536
537
0
0
0
0
0
0
0
0
0
416000
540
541
536
0
0
0
0
0
0
0
0
0
417000
542
537
544
0
0
0
0
0
0
0
0
0
418000
543
541
542
0
0
0
0
0
0
0
0
0
419000
546
555
541
0
0
0
0
0
0
0
0
0
420000
547
543
542
0
0
0
0
0
0
0
0
0
421000
548
544
547
0
0
0
0
0
0
0
0
0
422000
551
545
546
0
0
0
0
0
0
0
0
0
423000
550
546
546
0
0
0
0
0
0
0
0
0
424000
556
549
548
0
0
0
0
1
0
0
0
0
425000
550
548
550
0
0
0
0
0
0
0
0
0
426000
558
552
551
0
0
0
0
0
0
0
0
0
427000
555
551
552
0
0
0
0
0
0
0
0
0
428000
558
553
556
0
0
0
0
0
0
0
0
0
429000
556
556
555
0
0
0
0
0
0
0
0
0
430000
559
559
558
0
0
0
0
0
0
0
0
0
431000
560
557
557
0
0
0
0
0
0
0
0
0
432000
561
559
557
0
0
0
0
0
0
0
0
0
433000
562
559
559
0
0
0
0
0
0
0
0
0
434000
564
561
572
0
0
0
0
0
0
0
0
0
435000
564
563
562
0
0
0
0
0
0
0
0
0
436000
568
565
563
0
0
0
0
0
0
0
0
0
437000
568
566
566
0
0
0
0
0
0
0
0
0
438000
568
565
566
0
0
0
0
0
0
0
0
0
439000
571
567
566
0
0
0
0
0
0
0
0
0
440000
571
567
569
0
0
0
0
0
0
0
0
0
441000
575
572
569
0
0
0
0
0
0
0
1
0
442000
575
569
572
0
0
0
0
0
0
0
0
0
443000
577
572
572
0
0
0
0
0
0
0
0
0
444000
576
574
574
0
0
0
0
0
0
0
0
0
445000
580
579
576
0
0
0
0
0
0
0
0
0
446000
579
577
576
0
0
0
0
0
0
0
0
0
447000
581
577
618
0
0
0
0
0
0
0
0
0
448000
581
583
580
0
0
0
0
0
0
0
0
0
449000
583
581
579
0
0
0
0
0
0
0
0
0
450000
585
582
583
0
0
0
0
0
0
0
0
0
451000
585
583
583
0
0
0
0
0
0
0
0
0
452000
587
585
583
0
0
0
0
0
0
0
0
0
453000
590
584
586
0
0
0
0
0
0
0
0
0
454000
590
588
588
0
0
0
0
0
0
0
0
0
455000
592
588
587
0
0
0
0
0
0
0
0
0
456000
591
589
589
0
0
0
0
0
0
0
0
0
457000
593
590
589
0
0
0
0
0
0
0
0
0
458000
596
589
592
0
0
0
0
0
0
0
0
0
459000
596
593
595
0
0
0
0
0
0
0
0
0
460000
598
594
595
0
0
0
0
0
0
0
0
0
461000
598
594
597
0
0
0
0
0
0
0
0
0
462000
599
597
596
0
0
0
0
0
0
0
0
0
463000
602
598
602
0
0
0
0
0
0
0
0
0
464000
602
600
598
0
0
0
0
0
0
0
0
0
465000
605
612
603
0
0
0
0
0
0
0
0
0
466000
605
604
603
0
0
0
0
0
0
0
0
0
467000
606
601
605
0
0
0
0
0
0
0
0
0
468000
607
605
604
0
0
0
0
0
0
0
0
0
469000
608
606
607
0
0
0
0
0
0
0
0
0
470000
611
607
607
0
0
0
0
0
0
0
0
0
471000
611
608
607
0
0
0
0
0
0
0
0
0
472000
613
610
612
0
0
0
0
0
0
0
0
0
473000
617
612
616
0
0
0
0
0
0
0
0
0
474000
615
611
614
0
0
0
0
0
0
0
0
0
475000
617
615
613
0
0
0
0
0
0
0
0
0
476000
618
614
616
0
0
0
0
0
0
0
0
0
477000
618
614
618
0
0
0
0
0
0
0
0
0
478000
620
617
618
0
0
0
0
0
0
0
0
0
479000
622
617
620
0
0
0
0
0
0
0
0
0
480000
621
621
620
0
0
0
0
0
0
0
0
0
481000
625
621
623
0
0
0
0
0
0
0
0
0
482000
624
623
625
0
0
0
0
0
0
0
0
0
483000
629
627
626
0
0
0
0
0
0
0
0
0
484000
630
625
625
0
0
0
0
0
0
0
0
0
485000
634
632
626
0
0
0
0
0
0
0
0
0
486000
630
628
626
0
0
0
0
0
0
0
0
0
487000
633
630
629
0
0
0
0
0
0
0
0
0
488000
632
633
630
0
0
0
0
0
0
0
0
0
489000
636
632
632
0
0
0
0
0
0
0
0
0
490000
636
633
633
0
0
0
0
0
0
0
0
0
491000
639
632
634
0
0
0
0
0
0
0
0
0
492000
641
636
634
0
0
0
0
0
0
0
0
0
493000
641
635
638
0
0
0
0
0
0
0
0
0
494000
642
647
638
0
0
0
0
0
0
0
0
0
495000
645
639
640
0
0
0
0
0
0
0
0
0
496000
646
640
644
0
0
0
0
0
0
0
0
0
497000
646
642
641
0
0
0
0
0
0
0
0
0
498000
645
644
642
0
0
0
0
0
0
0
0
0
499000
649
644
646
0
0
0
0
0
0
0
0
0
500000
650
645
646
0
0
0
0
0
0
0
0
0
501000
650
645
649
0
0
0
0
0
0
0
0
0
502000
655
649
648
0
0
0
0
0
0
0
0
0
503000
652
649
649
0
0
0
0
0
0
0
0
0
504000
659
651
651
0
0
0
0
0
0
0
0
0
505000
655
653
652
0
0
0
0
0
0
0
0
0
506000
657
653
656
0
0
0
0
0
0
0
0
0
507000
659
654
654
0
0
0
0
0
0
0
0
0
508000
661
655
657
0
0
0
0
0
0
0
0
0
509000
660
658
657
0
0
0
0
0
0
0
0
0
510000
663
660
663
0
0
0
0
0
0
0
0
0
511000
664
662
659
0
0
0
0
0
0
0
0
0
512000
664
663
661
0
0
0
0
0
0
0
0
0
513000
667
660
666
0
0
0
0
0
0
0
0
0
514000
667
664
663
0
0
0
0
0
0
0
0
0
515000
674
670
665
0
0
0
0
0
0
0
0
0
516000
669
665
670
0
0
0
0
0
0
0
0
0
517000
671
670
670
0
0
0
0
0
0
0
0
0
518000
673
668
668
0
0
0
0
0
0
0
0
0
519000
676
671
671
0
0
0
0
0
0
0
0
0
520000
677
670
672
0
0
0
0
0
0
0
0
0
521000
675
673
672
0
0
0
0
0
0
0
0
0
522000
690
672
673
0
0
0
0
0
0
0
0
0
523000
678
675
674
0
0
0
0
0
0
0
0
0
524000
681
678
677
0
0
0
0
0
0
0
0
0
525000
681
677
678
0
0
0
0
0
0
0
0
0
526000
683
680
680
0
0
0
0
0
0
0
0
0
527000
685
678
680
0
0
0
0
1
0
0
0
0
528000
689
683
682
0
0
0
0
0
0
0
0
0
529000
686
685
683
0
0
0
0
0
0
0
0
0
530000
688
684
687
0
0
0
0
0
1
0
0
0
531000
689
687
686
0
0
0
0
0
0
0
0
0
532000
691
688
689
0
0
0
0
0
0
0
0
0
533000
694
687
691
0
0
0
0
0
0
0
0
0
534000
694
691
688
0
0
0
0
0
0
0
0
0
535000
696
690
692
0
0
0
0
0
0
0
0
0
536000
698
695
693
0
0
0
0
0
0
0
0
1
537000
698
694
694
0
0
0
0
0
0
0
0
0
538000
700
693
697
0
0
0
0
0
0
0
0
0
539000
701
696
702
0
0
0
0
0
0
0
0
0
540000
703
700
700
0
0
0
0
0
0
0
0
0
541000
702
700
701
0
0
0
0
0
0
0
0
0
542000
709
701
702
0
0
0
0
0
0
0
0
0
543000
704
704
704
0
0
0
0
0
0
0
0
0
544000
709
703
705
0
0
0
0
0
0
0
0
0
545000
708
704
706
0
0
0
0
0
0
0
0
0
546000
711
709
706
0
0
0
0
0
0
0
0
0
547000
712
708
710
0
0
0
0
0
0
0
0
0
548000
726
709
709
0
0
0
0
0
0
0
0
0
549000
712
711
711
0
0
0
0
0
0
0
0
0
550000
719
710
713
0
0
0
0
0
0
0
0
0
551000
718
711
713
0
0
0
0
0
0
0
0
0
552000
717
717
716
0
0
0
0
0
0
0
0
0
553000
718
716
713
0
0
0
0
0
0
0
0
0
554000
721
718
722
0
0
0
0
0
0
0
0
0
555000
724
717
718
0
0
0
0
0
0
0
0
0
556000
725
722
720
0
0
0
0
0
0
0
0
0
557000
728
721
721
0
0
0
0
0
0
0
0
0
558000
737
723
726
0
0
0
1
0
0
0
0
0
559000
728
724
724
0
0
0
0
0
0
0
0
0
560000
729
727
725
0
0
0
0
0
0
0
0
0
561000
732
727
729
0
0
0
0
0
0
0
0
0
562000
731
727
731
0
0
0
0
0
0
0
0
0
563000
733
730
727
0
0
0
0
0
0
0
0
0
564000
733
731
732
0
0
0
0
0
0
0
0
0
565000
735
729
731
0
0
0
0
0
0
0
0
0
566000
735
734
733
0
0
0
0
0
0
0
0
0
567000
738
734
732
0
0
0
0
0
0
0
0
0
568000
740
736
739
0
0
0
0
0
0
0
0
0
569000
742
734
738
0
0
0
0
0
0
0
0
0
570000
742
739
740
0
0
0
0
0
0
0
0
0
571000
742
739
738
0
0
0
0
0
0
0
0
0
572000
746
739
751
0
0
0
0
0
0
0
0
0
573000
748
740
741
0
0
0
0
0
0
0
0
0
574000
746
746
745
0
0
0
0
0
0
0
0
0
575000
748
744
743
0
0
0
0
0
0
0
0
0
576000
751
746
750
0
0
0
0
0
0
0
0
0
577000
751
747
747
0
0
0
0
0
0
0
0
0
578000
751
747
750
0
0
0
0
0
0
0
0
0
579000
753
749
748
0
0
0
0
0
0
0
0
0
580000
756
755
749
0
0
0
0
0
0
0
0
0
581000
757
751
753
0
0
0
0
0
0
0
0
0
582000
759
751
753
0
0
0
0
0
0
0
0
0
583000
758
754
754
0
0
0
0
0
0
1
0
0
584000
759
797
758
0
0
0
0
0
0
0
0
0
585000
764
759
762
0
0
0
0
0
0
0
0
0
586000
762
762
759
0
0
0
0
0
0
0
0
0
587000
764
759
760
0
0
0
0
0
0
0
0
0
588000
764
763
760
0
0
0
0
0
0
0
0
0
589000
768
762
759
0
0
0
0
0
0
0
0
0
590000
767
767
765
0
0
0
0
0
0
0
0
0
591000
768
763
764
0
0
0
0
0
0
0
0
0
592000
772
766
767
0
0
0
0
0
0
0
0
0
593000
771
767
766
0
0
0
0
0
0
0
0
0
594000
771
768
768
0
0
0
0
0
0
0
0
0
595000
772
770
770
0
0
0
0
0
0
0
0
1
596000
777
782
772
0
0
0
0
0
0
0
0
0
597000
777
769
773
0
0
0
0
0
0
0
0
0
598000
779
773
773
0
0
0
0
0
0
0
0
0
599000
778
774
775
0
0
0
0
0
0
0
0
0
600000
781
775
776
0
0
0
0
0
0
0
0
0
601000
781
776
776
0
0
0
0
0
0
0
0
0
602000
785
780
777
0
0
0
0
0
0
0
0
0
603000
785
779
780
0
0
0
0
0
0
0
0
0
604000
785
783
781
0
0
0
0
0
0
0
0
0
605000
787
783
782
0
0
0
0
0
0
0
0
0
606000
789
783
785
0
0
0
0
0
0
0
0
0
607000
787
786
787
0
0
0
0
0
0
0
0
0
608000
791
785
786
0
0
0
0
0
0
0
0
0
609000
789
786
785
0
0
0
0
0
0
0
0
0
610000
795
787
793
0
0
0
0
0
0
0
0
0
611000
793
792
794
0
0
0
0
0
0
0
0
0
612000
796
792
792
0
0
0
0
0
0
0
0
0
613000
800
791
792
0
0
0
0
0
0
0
0
0
614000
798
793
795
0
0
0
0
0
0
0
0
0
615000
801
795
795
0
0
0
0
0
0
0
0
0
616000
800
796
797
0
0
0
0
0
0
0
0
0
617000
803
802
806
0
0
0
0
0
0
0
0
0
618000
927
890
817
0
0
0
0
0
0
0
0
0
619000
1014
873
828
0
0
0
0
0
0
0
0
0
620000
821
828
803
0
0
0
0
0
0
0
0
0
621000
812
808
805
0
0
0
0
0
0
0
0
0
622000
814
810
886
0
0
0
0
0
0
0
0
0
623000
1164
808
806
0
0
0
0
0
0
0
0
0
624000
811
819
810
0
0
0
0
0
0
0
0
0
625000
812
820
808
0
0
0
0
0
0
0
0
0
626000
823
813
810
0
0
0
0
0
0
0
0
0
627000
815
811
810
0
0
0
0
0
0
0
0
0
628000
821
813
813
0
0
0
0
0
1
0
0
0
629000
819
813
815
0
0
0
0
0
0
0
0
0
630000
821
814
814
0
0
0
0
0
0
0
1
0
631000
820
818
817
0
0
0
0
0
0
0
0
0
632000
823
816
819
0
0
0
0
0
0
0
0
0
633000
823
819
819
0
0
0
0
0
0
0
0
0
634000
828
819
819
0
0
0
0
0
0
0
0
0
635000
837
819
822
0
0
0
0
0
0
0
0
0
636000
826
820
821
0
0
0
0
0
0
0
0
0
637000
830
824
822
0
0
0
0
0
0
0
0
0
638000
828
828
825
0
0
0
0
0
0
0
0
0
639000
829
826
824
0
0
0
0
0
0
0
0
0
640000
832
827
827
0
0
0
0
0
0
0
0
0
641000
844
828
829
0
0
0
0
0
0
0
0
0
642000
832
829
831
0
0
0
0
0
0
0
0
0
643000
835
832
830
0
0
0
0
0
0
0
0
0
644000
835
834
833
0
0
0
0
0
0
0
0
0
645000
839
834
835
0
0
0
0
0
0
0
0
0
646000
844
834
835
0
0
0
0
0
0
0
1
0
647000
840
836
836
0
0
0
0
0
0
0
0
0
648000
841
839
837
0
0
0
0
0
0
0
0
0
649000
841
840
840
0
0
0
0
0
0
0
0
0
650000
845
839
839
0
0
0
0
0
0
0
0
0
651000
845
843
843
0
0
0
0
0
0
0
0
0
652000
847
843
843
0
0
0
0
0
0
0
0
1
653000
848
846
846
0
0
0
0
0
0
0
0
0
654000
849
845
845
0
0
0
0
0
0
0
0
0
655000
854
847
850
0
0
0
0
0
0
0
0
0
656000
853
847
848
0
0
0
0
0
0
0
0
0
657000
853
850
848
0
0
0
0
0
0
0
0
0
658000
856
854
852
0
0
0
0
0
0
0
0
0
659000
856
851
850
0
0
0
0
0
0
0
0
0
660000
858
853
855
0
0
0
0
0
0
0
0
0
661000
859
854
854
0
0
0
0
0
0
0
0
0
662000
859
866
860
0
0
0
0
0
0
0
0
0
663000
862
856
857
0
0
0
0
1
0
0
0
0
664000
863
860
859
0
0
0
0
0
0
0
0
0
665000
864
860
860
0
0
0
0
0
0
0
0
0
666000
866
860
861
0
0
0
0
0
0
0
0
0
667000
868
862
862
0
0
0
0
0
0
0
0
0
668000
870
862
863
0
0
0
0
0
0
0
0
0
669000
870
864
864
0
0
0
0
0
0
0
0
0
670000
872
864
869
0
0
0
0
0
0
0
0
0
671000
874
866
868
0
0
0
0
0
1
0
0
0
672000
875
868
869
0
0
0
0
0
0
0
0
0
673000
876
872
869
0
0
0
0
0
0
0
0
0
674000
875
872
871
0
0
0
0
0
0
0
0
0
675000
878
872
871
0
0
0
0
0
0
0
0
0
676000
880
880
875
0
0
0
0
0
0
0
0
0
677000
879
876
875
0
0
0
0
0
0
0
0
0
678000
884
878
878
0
0
0
0
0
0
0
0
0
679000
883
902
879
0
0
0
0
0
0
0
0
0
680000
885
881
880
0
0
0
0
0
0
0
0
1
681000
887
880
879
0
0
0
0
0
0
0
0
0
682000
888
883
884
0
0
0
0
0
0
0
0
0
683000
900
883
885
0
0
0
0
0
0
1
0
0
684000
887
887
885
0
0
0
0
0
0
0
0
0
685000
892
886
883
0
0
0
0
0
0
0
0
0
686000
894
890
887
0
0
0
0
0
0
0
0
0
687000
892
889
888
0
0
0
0
0
1
0
0
0
688000
897
888
890
0
0
0
0
0
0
0
0
0
689000
894
892
893
0
0
0
0
0
0
0
0
0
690000
898
890
894
0
0
0
0
0
0
0
0
0
691000
898
898
893
0
0
0
0
0
0
0
0
0
692000
900
894
894
0
0
0
0
0
0
0
0
0
693000
902
896
896
0
0
0
0
0
0
0
0
0
694000
903
900
898
0
0
0
0
0
0
0
0
0
695000
904
899
899
0
0
0
0
0
0
0
0
0
696000
902
900
905
0
0
0
0
0
0
0
0
0
697000
906
902
901
0
0
0
0
0
0
0
0
0
698000
912
902
902
0
0
0
0
0
0
0
0
0
699000
908
904
906
0
0
0
0
0
0
0
0
0
700000
911
905
907
0
0
0
0
0
0
0
0
0
701000
912
907
904
0
0
0
0
0
0
0
0
0
702000
913
909
907
0
0
0
0
0
0
0
0
0
703000
924
908
909
0
0
0
0
0
0
0
0
0
704000
917
909
911
0
0
0
0
0
0
0
0
0
705000
918
913
912
0
0
0
0
0
0
0
0
0
706000
918
914
918
0
0
0
0
0
0
0
0
0
707000
918
913
913
0
0
0
0
0
0
0
0
0
708000
920
913
920
0
0
0
0
0
0
0
0
0
709000
919
917
917
0
0
0
0
0
0
0
0
0
710000
923
917
917
0
0
0
0
0
0
0
0
0
711000
924
917
919
0
0
0
0
0
0
0
0
0
712000
928
920
921
0
0
0
0
0
0
0
0
0
713000
927
921
919
0
0
0
0
0
0
0
0
0
714000
928
923
926
0
0
0
0
0
0
0
0
0
715000
930
923
925
0
0
0
0
0
0
0
0
0
716000
929
930
936
0
0
0
0
0
0
0
0
0
717000
931
928
926
0
0
0
0
0
0
0
0
0
718000
933
928
929
0
0
0
0
0
0
0
0
0
719000
935
932
929
0
0
0
0
0
0
0
0
0
720000
936
929
931
0
0
0
0
0
0
0
0
0
721000
937
929
934
0
0
0
0
0
0
0
0
0
722000
938
932
948
0
0
0
0
0
1
0
0
0
723000
937
933
934
0
0
0
0
0
0
0
0
0
724000
946
936
936
0
0
0
0
0
0
0
0
0
725000
940
935
941
0
0
0
0
0
0
0
0
0
726000
943
938
938
0
0
0
0
0
0
0
0
0
727000
945
942
940
0
0
0
0
0
0
0
0
0
728000
944
942
941
0
0
0
0
0
0
0
0
0
729000
948
942
942
0
0
0
0
0
0
0
0
0
730000
951
941
947
0
0
0
0
0
0
0
0
0
731000
950
944
944
0
0
0
0
0
0
0
0
0
732000
952
948
948
0
0
0
0
0
0
0
0
0
733000
954
946
949
0
0
0
0
0
0
0
0
0
734000
954
946
950
0
0
0
0
0
0
0
0
0
735000
954
959
950
0
0
0
0
0
0
0
0
0
736000
956
949
954
0
0
0
0
0
0
0
0
0
737000
959
952
952
0
0
0
0
0
0
0
0
0
738000
961
953
956
0
0
0
0
0
0
0
0
0
739000
960
956
957
0
0
0
0
0
0
0
0
0
740000
961
955
955
0
0
0
0
0
0
0
0
0
741000
962
957
971
0
0
0
0
0
0
0
0
0
742000
965
958
961
0
0
0
0
0
0
0
0
0
743000
966
963
961
0
0
0
0
0
0
0
0
0
744000
963
962
960
0
0
0
0
0
0
0
0
0
745000
970
968
963
0
0
0
0
0
0
0
0
0
746000
971
966
964
0
0
0
0
0
0
0
0
0
747000
971
966
967
0
0
0
0
0
0
0
0
0
748000
972
967
969
0
0
0
0
0
0
0
0
0
749000
974
971
969
0
0
0
0
0
0
0
0
0
750000
973
969
972
0
0
0
0
0
0
0
0
0
751000
978
969
971
0
0
0
0
0
0
0
0
0
752000
979
973
975
0
0
0
0
0
0
0
0
0
753000
979
973
972
0
0
0
0
0
0
0
0
0
754000
981
977
977
0
0
0
0
0
0
0
0
0
755000
981
980
975
0
0
0
0
0
0
0
1
0
756000
983
977
977
0
0
0
0
0
0
0
0
0
757000
986
976
979
0
0
0
0
0
0
0
0
0
758000
987
979
987
0
0
0
0
0
0
0
0
0
759000
987
983
981
0
0
0
0
0
0
0
0
0
760000
997
982
983
0
0
0
0
0
0
0
0
0
761000
988
987
984
0
0
0
0
0
0
0
0
0
762000
989
984
984
0
0
0
0
0
0
0
0
0
763000
993
988
987
0
0
0
0
0
0
0
0
0
764000
993
987
992
0
0
0
0
0
0
0
0
0
765000
997
988
987
0
0
0
0
0
0
0
0
0
766000
995
992
992
0
0
0
0
0
0
0
0
0
767000
997
992
990
0
0
0
1
0
0
0
0
0
768000
1035
994
995
0
0
0
0
0
0
0
0
0
769000
1003
992
995
0
0
0
0
0
0
0
0
0
770000
1003
998
995
0
0
0
0
0
0
0
0
0
771000
1001
996
999
0
0
0
0
0
0
0
0
0
772000
1003
1006
1001
0
0
0
0
0
0
0
0
0
773000
1007
1000
1000
0
0
0
0
0
0
0
0
0
774000
1004
999
1001
0
0
0
0
0
0
0
0
0
775000
1007
1000
1002
0
0
0
0
0
0
0
0
0
776000
1009
1004
1006
0
0
0
0
0
0
0
0
0
777000
1009
1004
1006
0
0
0
0
0
0
0
0
0
778000
1022
1010
1004
0
0
0
0
0
0
0
0
0
779000
1010
1009
1009
0
0
0
0
0
0
0
0
0
780000
1014
1008
1009
0
0
0
0
0
0
0
0
0
781000
1016
1009
1009
0
0
0
0
0
0
0
0
1
782000
1015
1011
1012
0
0
0
0
0
0
0
0
0
783000
1018
1014
1012
0
0
0
0
0
0
0
0
0
784000
1020
1013
1014
0
0
0
0
0
0
0
0
0
785000
1018
1016
1018
0
0
0
0
0
0
0
0
0
786000
1022
1016
1016
0
0
0
0
0
0
0
0
0
787000
1024
1017
1018
0
0
0
0
0
0
0
0
0
788000
1023
1018
1019
0
0
0
0
0
0
0
0
0
789000
1022
1019
1020
0
0
0
0
0
0
0
0
0
790000
1036
1021
1021
0
0
0
0
0
0
0
0
0
791000
1030
1028
1027
0
0
0
0
0
0
0
0
0
792000
1029
1024
1021
0
0
0
0
0
0
0
0
1
793000
1029
1024
1026
0
0
0
0
0
0
0
0
0
794000
1031
1027
1027
0
0
0
0
0
0
0
0
0
795000
1035
1028
1029
0
0
0
0
0
0
0
0
0
796000
1032
1028
1028
0
0
0
0
0
0
0
0
0
797000
1035
1033
1029
0
0
0
0
0
0
0
0
0
798000
1035
1031
1036
0
0
0
0
0
0
0
0
0
799000
1039
1031
1031
0
0
0
0
0
0
0
0
0
800000
1041
1035
1034
0
0
0
0
0
0
0
0
0
801000
1039
1033
1040
0
0
0
0
0
0
0
0
0
802000
1044
1037
1035
0
0
0
0
0
0
0
0
0
803000
1043
1035
1041
0
0
0
0
0
0
0
0
0
804000
1044
1039
1040
0
0
0
0
0
0
0
0
0
805000
1044
1039
1047
0
0
0
0
0
0
0
0
0
806000
1047
1045
1042
0
0
0
0
0
0
0
0
0
807000
1048
1043
1047
0
0
0
0
0
0
0
0
0
808000
1051
1043
1044
0
0
0
0
0
0
0
0
0
809000
1051
1046
1046
0
0
0
0
1
0
0
0
0
810000
1055
1046
1049
0
0
0
0
0
0
0
0
0
811000
1054
1048
1047
0
0
0
0
0
0
0
0
0
812000
1054
1051
1050
0
0
0
0
0
0
0
0
0
813000
1068
1051
1052
0
0
0
0
0
0
0
0
0
814000
1057
1066
1070
0
0
0
0
0
0
0
0
0
815000
1062
1053
1055
0
0
0
0
0
0
0
0
0
816000
1064
1055
1053
0
0
0
0
0
0
0
0
0
817000
1066
1062
1058
0
0
0
0
0
0
0
0
0
818000
1062
1056
1056
0
0
0
0
0
0
0
0
0
819000
1062
1058
1057
0
0
0
0
0
0
0
0
0
820000
1065
1060
1058
0
0
0
0
0
0
0
0
0
821000
1065
1061
1061
0
0
0
0
0
0
0
0
0
822000
1067
1061
1063
0
0
0
0
0
0
0
0
0
823000
1103
1063
1064
0
0
0
0
0
0
0
0
0
824000
1069
1066
1077
0
0
0
0
0
0
0
0
0
825000
1071
1065
1064
0
0
0
0
0
0
0
0
0
826000
1073
1068
1069
0
0
0
0
0
0
0
0
0
827000
1076
1068
1073
0
0
0
0
0
0
0
0
0
828000
1077
1070
1070
0
0
0
0
0
0
0
0
0
829000
1078
1071
1069
0
0
0
0
0
0
0
0
0
830000
1089
1072
1074
0
0
0
0
0
0
0
0
0
831000
1078
1077
1073
0
0
0
0
0
0
0
0
0
832000
1081
1074
1077
0
0
0
0
0
0
0
0
0
833000
1081
1076
1078
0
0
0
0
0
0
0
0
0
834000
1084
1075
1078
0
0
0
0
0
0
0
0
0
835000
1088
1082
1079
0
0
0
0
0
0
0
0
0
836000
1088
1078
1080
0
0
0
0
0
0
0
0
0
837000
1087
1083
1081
0
0
0
0
0
0
0
0
0
838000
1089
1085
1084
0
0
0
0
0
0
0
0
0
839000
1089
1084
1083
0
0
0
0
0
0
1
0
0
840000
1092
1083
1089
0
0
0
0
0
0
0
0
0
841000
1096
1086
1086
0
0
0
0
0
0
0
0
0
842000
1094
1088
1087
0
0
0
0
0
0
0
0
0
843000
1095
1087
1090
0
0
0
0
0
0
0
0
0
844000
1097
1091
1091
0
0
0
1
0
0
0
0
0
845000
1098
1092
1091
0
0
0
0
0
0
0
0
0
846000
1099
1093
1104
0
0
0
0
0
0
0
0
0
847000
1101
1093
1093
0
0
0
0
0
0
0
0
0
848000
1101
1094
1098
0
0
0
0
0
0
0
0
0
849000
1101
1097
1097
0
0
0
0
0
0
0
0
0
850000
1104
1099
1112
0
0
0
0
0
0
0
0
0
851000
1105
1100
1099
0
0
0
0
0
1
0
0
0
852000
1108
1100
1101
0
0
0
0
0
0
0
0
0
853000
1107
1102
1102
0
0
0
0
0
0
0
0
0
854000
1107
1103
1105
0
0
0
0
0
0
0
0
0
855000
1110
1104
1104
0
0
0
0
0
0
0
0
0
856000
1113
1106
1108
0
0
0
0
0
0
0
0
0
857000
1113
1108
1109
0
0
0
0
0
0
0
0
0
858000
1116
1108
1111
0
0
0
0
0
0
0
0
0
859000
1116
1110
1110
0
0
0
0
0
0
0
0
0
860000
1119
1111
1113
0
0
0
0
0
0
0
0
0
861000
1118
1112
1111
0
0
0
0
0
0
0
0
0
862000
1118
1114
1115
0
0
0
0
0
0
0
0
0
863000
1120
1113
1113
0
0
0
0
0
0
0
0
0
864000
1122
1116
1117
0
0
0
0
0
0
0
0
0
865000
1123
1116
1120
0
0
0
0
0
0
0
0
0
866000
1123
1117
1117
0
0
0
0
0
0
0
0
0
867000
1126
1120
1121
0
0
0
0
0
0
0
0
0
868000
1127
1120
1123
0
0
0
0
0
0
0
0
0
869000
1127
1122
1124
0
0
0
0
0
0
0
0
0
870000
1127
1124
1124
0
0
0
0
0
0
0
0
0
871000
1133
1122
1124
0
0
0
0
0
0
0
0
0
872000
1133
1129
1139
0
0
0
0
0
0
0
0
0
873000
1151
1300
1195
0
0
0
0
0
0
0
0
0
874000
1149
1135
1356
0
0
0
0
0
0
0
0
0
875000
1137
1131
1130
0
0
0
0
0
0
0
0
0
876000
1139
1133
1139
0
0
0
0
0
0
0
0
0
877000
1143
1163
1144
0
0
0
0
0
0
0
0
1
878000
1140
1133
1145
0
0
0
0
0
0
0
0
0
879000
1143
1135
1135
0
0
0
0
0
0
0
0
0
880000
1142
1138
1137
0
0
0
0
0
0
0
0
0
881000
1144
1146
1138
0
0
0
0
0
0
0
0
0
882000
1146
1139
1141
0
0
0
0
0
0
0
0
0
883000
1148
1140
1140
0
0
0
0
0
0
0
0
0
884000
1149
1143
1142
0
0
0
0
0
0
0
0
0
885000
1149
1144
1144
0
0
0
0
0
0
0
0
0
886000
1150
1145
1145
0
0
0
0
0
0
0
0
0
887000
1150
1145
1147
0
0
0
0
0
0
0
0
0
888000
1152
1147
1146
0
0
0
1
0
0
0
0
0
889000
1154
1148
1149
0
0
0
0
0
0
0
0
0
890000
1156
1149
1149
0
0
0
0
0
0
0
0
0
891000
1159
1152
1152
0
0
0
0
0
0
0
0
0
892000
1157
1151
1152
0
0
0
0
0
0
0
0
0
893000
1161
1153
1154
0
0
0
0
0
0
0
0
0
894000
1159
1166
1155
0
0
0
0
0
0
0
0
0
895000
1163
1156
1156
0
0
0
0
0
0
0
0
0
896000
1163
1157
1156
0
0
0
0
0
0
0
0
0
897000
1166
1159
1163
0
0
0
0
0
0
0
0
0
898000
1166
1162
1162
0
0
0
0
0
0
0
0
0
899000
1167
1158
1163
0
0
0
0
0
0
0
0
0
900000
1170
1162
1162
0
0
0
0
0
0
0
0
0
901000
1170
1165
1167
0
0
0
0
0
0
0
0
0
902000
1174
1167
1165
0
0
0
0
0
0
0
0
0
903000
1173
1171
1168
0
0
0
0
0
0
0
0
0
904000
1173
1168
1169
0
0
0
0
0
0
0
0
0
905000
1177
1169
1169
0
0
0
0
0
0
0
0
0
906000
1182
1168
1174
0
0
0
0
0
0
0
0
1
907000
1178
1174
1172
0
0
0
0
0
0
0
0
0
908000
1178
1175
1174
0
0
0
0
0
0
0
0
0
909000
1180
1172
1173
0
0
0
0
0
0
0
0
0
910000
1181
1176
1176
0
0
0
0
0
0
0
0
0
911000
1181
1179
1178
0
0
0
0
0
0
0
0
0
912000
1183
1179
1178
0
0
0
0
0
0
0
0
0
913000
1186
1180
1184
0
0
0
0
0
0
0
0
0
914000
1185
1179
1184
0
0
0
0
0
0
0
0
0
915000
1187
1180
1182
0
0
0
0
0
0
0
0
0
916000
1191
1183
1190
0
0
0
0
0
0
0
0
0
917000
1189
1184
1185
0
0
0
0
0
0
0
0
0
918000
1191
1185
1189
0
0
0
0
0
0
0
0
0
919000
1194
1187
1188
0
0
0
0
0
0
0
0
0
920000
1195
1187
1192
0
0
0
0
0
0
0
0
0
921000
1197
1191
1188
0
0
0
0
0
0
0
0
0
922000
1198
1192
1193
0
0
0
0
0
0
0
0
0
923000
1198
1193
1193
0
0
0
0
0
0
0
0
0
924000
1200
1194
1193
0
0
0
0
0
0
0
0
0
925000
1214
1193
1197
0
0
0
0
0
0
0
0
0
926000
1203
1196
1197
0
0
0
0
0
0
0
0
0
927000
1203
1196
1198
0
0
0
0
0
0
0
0
0
928000
1205
1198
1199
0
0
0
0
0
0
0
0
0
929000
1205
1237
1200
0
0
0
0
0
0
0
0
0
930000
1212
1203
1203
0
0
0
0
0
0
0
0
0
931000
1208
1203
1203
0
0
0
0
0
0
0
0
0
932000
1238
1204
1205
0
0
0
0
0
0
0
0
0
933000
1212
1211
1207
0
0
0
0
0
0
0
0
0
934000
1214
1205
1206
0
0
0
0
0
0
0
0
0
935000
1217
1210
1208
0
0
0
0
0
0
0
0
0
936000
1215
1209
1207
0
0
0
0
0
0
0
0
0
937000
1221
1209
1213
0
0
0
0
0
0
0
0
0
938000
1218
1213
1214
0
0
0
0
0
0
0
0
0
939000
1218
1214
1215
0
0
0
0
0
0
0
0
0
940000
1229
1213
1219
0
0
0
0
0
0
0
0
0
941000
1222
1214
1213
0
0
0
0
0
0
0
0
0
942000
1222
1216
1218
0
0
0
0
0
0
0
0
0
943000
1226
1217
1229
0
0
0
0
0
0
0
0
0
944000
1226
1225
1220
0
0
0
0
0
0
0
0
0
945000
1226
1221
1221
0
0
0
0
0
0
0
0
0
946000
1228
1222
1221
0
0
0
0
0
0
0
0
0
947000
1229
1225
1224
0
0
0
0
0
0
0
0
0
948000
1230
1226
1222
0
0
0
0
0
0
0
0
0
949000
1231
1226
1226
0
0
0
0
0
0
0
0
0
950000
1248
1226
1228
0
0
0
0
0
0
0
0
0
951000
1237
1228
1228
0
0
0
0
0
0
0
0
0
952000
1237
1228
1229
0
0
0
0
0
0
0
0
0
953000
1237
1232
1231
0
0
0
0
0
0
0
0
0
954000
1238
1231
1242
0
0
0
0
0
0
0
0
0
955000
1240
1234
1236
0
0
0
0
0
0
0
0
0
956000
1241
1235
1235
0
0
0
0
0
0
0
0
0
957000
1244
1237
1238
0
0
0
0
0
0
0
0
0
958000
1244
1240
1239
0
0
0
0
0
0
0
0
0
959000
1246
1239
1240
0
0
0
0
0
0
0
0
0
960000
1253
1239
1240
0
0
0
0
0
0
0
0
0
961000
1248
1239
1241
0
0
0
0
0
0
0
0
0
962000
1250
1241
1252
0
0
0
0
0
0
0
0
0
963000
1259
1243
1247
0
0
0
0
0
0
0
0
0
964000
1252
1251
1246
0
0
0
0
0
0
0
0
0
965000
1252
1246
1248
0
0
0
0
0
0
0
0
0
966000
1254
1249
1249
0
0
0
0
0
0
0
0
0
967000
1257
1249
1250
0
0
0
0
0
0
0
0
0
968000
1256
1249
1250
0
0
0
0
1
0
0
0
0
969000
1270
1251
1250
0
0
0
0
0
0
0
0
0
970000
1261
1254
1253
0
0
0
0
0
0
0
0
0
971000
1260
1265
1256
0
0
0
0
0
0
0
0
0
972000
1262
1255
1256
0
0
0
0
0
0
0
0
0
973000
1264
1256
1257
0
0
0
0
0
0
0
0
0
974000
1264
1259
1258
0
0
0
0
0
0
0
0
0
975000
1267
1258
1262
0
0
0
0
0
0
0
0
0
976000
1268
1259
1262
0
0
0
0
0
0
0
0
0
977000
1267
1261
1263
0
0
0
0
0
0
0
0
0
978000
1268
1264
1267
0
0
0
0
0
0
0
0
0
979000
1271
1264
1267
0
0
0
0
0
0
0
0
0
980000
1273
1266
1266
0
0
0
0
0
0
0
0
0
981000
1274
1264
1269
0
0
0
0
0
0
0
0
0
982000
1277
1271
1269
0
0
0
0
0
0
0
0
0
983000
1276
1279
1268
0
0
0
0
0
0
0
0
0
984000
1277
1270
1273
0
0
0
0
0
0
0
0
0
985000
1281
1272
1275
0
0
0
0
0
0
0
0
0
986000
1279
1272
1272
0
0
0
0
0
0
0
0
0
987000
1290
1274
1274
0
0
0
0
0
0
0
0
0
988000
1303
1286
1287
0
0
0
0
0
0
0
1
0
989000
1285
1278
1280
0
0
0
0
0
0
0
0
0
990000
1287
1282
1281
0
0
0
0
0
0
0
0
0
991000
1285
1280
1281
0
0
0
0
0
0
0
0
0
992000
1286
1281
1282
0
0
0
0
0
0
0
0
0
993000
1290
1282
1283
0
0
0
0
0
0
0
0
0
994000
1290
1283
1282
0
0
0
0
0
0
0
0
0
995000
1290
1285
1284
0
0
0
0
0
0
0
0
0
996000
1294
1288
1287
0
0
0
0
0
0
0
0
0
997000
1294
1297
1289
0
0
0
0
0
0
0
0
0
998000
1295
1288
1288
0
0
0
0
0
0
0
0
0
999000
1296
1289
1292
0
0
0
0
0
0
0
0
0
1000000
1299
1292
1292
0
0
0
0
0
0
0
0
0
1001000
1305
1292
1294
0
0
0
0
0
0
0
0
0
1002000
1306
1294
1293
0
0
0
0
0
0
0
0
0
1003000
1303
1294
1297
0
0
0
0
0
0
0
0
0
1004000
1303
1297
1297
0
0
0
0
0
0
0
0
0
1005000
1304
1300
1299
0
0
0
0
0
0
0
0
0
1006000
1306
1299
1298
0
0
0
0
0
0
0
0
0
1007000
1309
1300
1300
0
0
0
0
0
0
0
0
0
1008000
1308
1304
1301
0
0
0
0
0
0
0
0
0
1009000
1313
1302
1304
0
0
0
0
0
0
0
0
0
1010000
1313
1303
1303
0
0
0
0
0
0
0
0
0
1011000
1311
1318
1304
0
0
0
0
0
0
0
0
0
1012000
1312
1308
1307
0
0
0
0
0
0
0
0
0
1013000
1312
1312
1312
0
0
0
0
0
0
0
0
0
1014000
1315
1310
1308
0
0
0
0
0
0
0
0
0
1015000
1316
1311
1311
0
0
0
0
0
0
0
0
0
1016000
1317
1311
1312
0
0
0
0
0
0
0
0
0
1017000
1319
1313
1312
0
0
0
0
0
0
0
0
0
1018000
1320
1315
1313
0
0
0
0
0
0
0
0
0
1019000
1321
1316
1317
0
0
0
0
0
0
0
0
0
1020000
1326
1317
1325
0
0
0
0
0
0
0
0
0
1021000
1327
1319
1327
0
0
0
0
0
0
0
0
0
1022000
1327
1339
1339
0
0
0
0
0
0
0
0
0
1023000
1328
1321
1321
0
0
0
0
0
0
0
0
0
1024000
1329
1321
1324
0
0
0
0
0
0
0
0
0
1025000
1340
1323
1321
0
0
0
0
0
0
0
0
0
1026000
1332
1325
1326
0
0
0
0
0
0
0
1
0
1027000
1332
1329
1326
0
0
0
0
0
0
0
0
0
1028000
1333
1334
1330
0
0
0
0
0
0
0
0
0
1029000
1336
1332
1329
0
0
0
0
0
0
0
0
0
1030000
1337
1330
1330
0
0
0
0
0
0
0
1
0
1031000
1339
1330
1333
0
0
0
0
0
0
0
0
0
1032000
1339
1329
1335
0
0
0
0
0
0
0
0
0
1033000
1340
1331
1336
0
0
0
0
0
0
0
0
0
1034000
1347
1335
1335
0
0
0
0
0
0
0
0
0
1035000
1342
1334
1337
0
0
0
0
0
0
0
0
0
1036000
1343
1335
1336
0
0
0
0
0
0
0
0
0
1037000
1344
1339
1338
0
0
0
0
0
0
0
0
0
1038000
1345
1349
1338
0
0
0
0
0
0
0
0
0
1039000
1352
1340
1342
0
0
0
0
0
0
0
0
0
1040000
1349
1342
1344
0
0
0
0
0
0
0
0
0
1041000
1359
1341
1345
0
0
0
0
0
0
0
0
0
1042000
1354
1347
1344
0
0
0
0
0
0
0
0
0
1043000
1354
1346
1345
0
0
0
0
0
0
0
0
0
1044000
1355
1349
1350
0
0
0
0
0
0
0
1
0
1045000
1357
1352
1348
0
0
0
0
0
0
0
0
0
1046000
1358
1351
1351
0
0
0
0
0
0
0
0
0
1047000
1359
1352
1354
0
0
0
0
0
0
0
0
0
1048000
1361
1354
1353
0
0
0
0
0
0
0
0
0
1049000
1362
1354
1355
0
0
0
0
0
0
0
0
0
1050000
1361
1354
1355
0
0
0
0
0
0
0
0
0
1051000
1364
1357
1369
0
0
0
0
0
0
0
0
0
1052000
1366
1357
1358
0
0
0
0
0
0
0
0
0
1053000
1364
1362
1360
0
0
0
0
0
0
0
0
0
1054000
1369
1359
1360
0
0
0
0
0
0
0
0
0
1055000
1370
1362
1363
0
0
0
0
0
0
0
0
0
1056000
1375
1362
1364
0
0
0
0
0
0
0
0
0
1057000
1372
1365
1367
0
0
0
0
0
0
0
0
0
1058000
1373
1372
1367
0
0
0
0
0
0
0
0
0
1059000
1373
1368
1367
0
0
0
0
0
0
0
0
0
1060000
1376
1370
1387
0
0
0
0
0
0
0
0
0
1061000
1377
1370
1371
0
0
0
0
0
0
0
0
0
1062000
1387
1372
1373
0
0
0
0
0
0
0
0
0
1063000
1382
1374
1373
0
0
0
0
0
0
0
0
0
1064000
1386
1375
1374
0
0
0
0
0
0
0
0
0
1065000
1392
1376
1379
0
0
0
0
0
0
0
0
0
1066000
1385
1378
1380
0
0
0
0
0
0
0
0
0
1067000
1394
1380
1380
0
0
0
0
0
0
0
0
0
1068000
1389
1379
1379
0
0
0
0
0
0
0
0
0
1069000
1387
1380
1383
0
0
0
0
0
0
0
0
0
1070000
1393
1381
1384
0
0
0
0
0
0
0
0
0
1071000
1393
1409
1386
0
0
0
0
0
0
0
0
0
1072000
1393
1387
1390
0
0
0
0
0
0
0
0
0
1073000
1396
1388
1392
0
0
0
0
0
0
0
0
0
1074000
1396
1391
1389
0
0
0
0
0
0
0
0
0
1075000
1397
1390
1392
0
0
0
0
0
0
0
0
0
1076000
1398
1392
1392
0
0
0
0
0
0
0
0
0
1077000
1404
1395
1393
0
0
0
0
0
0
0
0
0
1078000
1401
1396
1393
0
0
0
0
0
0
0
0
0
1079000
1402
1395
1396
0
0
0
0
0
0
0
0
0
1080000
1405
1399
1397
0
0
0
0
0
0
0
0
0
1081000
1405
1400
1397
0
0
0
0
0
0
0
0
0
1082000
1407
1397
1400
0
0
0
0
0
0
0
0
0
1083000
1408
1400
1403
0
0
0
0
0
0
0
0
0
1084000
1412
1402
1405
0
0
0
0
0
0
0
0
0
1085000
1412
1404
1406
0
0
0
0
0
0
0
0
0
1086000
1412
1404
1406
0
0
0
0
0
0
0
0
0
1087000
1412
1409
1407
0
0
0
0
0
0
0
0
0
1088000
1413
1408
1410
0
0
0
0
0
0
0
0
0
1089000
1417
1408
1410
0
0
0
0
0
0
0
0
0
1090000
1416
1410
1418
0
0
0
0
0
0
0
0
0
1091000
1420
1412
1419
0
0
0
0
0
0
0
0
0
1092000
1421
1412
1412
0
0
0
0
0
0
0
0
0
1093000
1423
1413
1413
0
0
0
0
0
0
0
0
0
1094000
1427
1454
1415
0
0
0
0
0
0
0
0
0
1095000
1425
1415
1417
0
0
0
0
0
0
0
0
0
1096000
1426
1422
1421
0
0
0
0
0
0
0
0
0
1097000
1427
1419
1419
0
0
0
0
0
0
0
0
0
1098000
1429
1423
1421
0
0
0
0
0
0
0
0
0
1099000
1433
1430
1419
0
0
0
0
0
0
0
0
0
1100000
1430
1424
1425
0
0
0
0
0
0
0
0
0
1101000
1435
1425
1426
0
0
0
0
0
0
0
0
0
1102000
1435
1437
1427
0
0
0
0
0
0
0
0
0
1103000
1435
1436
1429
0
0
0
0
0
0
0
0
0
1104000
1439
1429
1434
0
0
0
0
0
0
0
0
0
1105000
1438
1432
1429
0
0
0
0
0
0
0
0
0
1106000
1439
1431
1437
0
0
0
0
0
0
0
0
0
1107000
1439
1433
1436
0
0
0
0
0
0
0
0
0
1108000
1446
1434
1436
0
0
0
0
0
0
0
0
0
1109000
1447
1435
1434
0
0
0
0
0
0
0
0
0
1110000
1451
1438
1442
0
0
0
0
0
0
0
0
0
1111000
1445
1437
1439
0
0
0
0
0
0
0
0
0
1112000
1449
1439
1440
0
0
0
0
0
0
0
0
0
1113000
1449
1443
1446
0
0
0
0
0
0
0
0
0
1114000
1451
1450
1444
0
0
0
0
0
0
0
0
0
1115000
1452
1444
1441
0
0
0
0
0
0
0
0
0
1116000
1454
1444
1446
0
0
0
0
0
0
0
0
0
1117000
1451
1446
1448
0
0
0
0
0
0
0
0
0
1118000
1457
1446
1446
0
0
0
0
0
0
0
0
0
1119000
1458
1448
1451
0
0
0
0
0
0
0
0
0
1120000
1461
1452
1449
0
0
0
0
0
0
0
0
0
1121000
1464
1451
1451
0
0
0
0
0
0
0
0
0
1122000
1460
1454
1453
0
0
0
0
0
0
0
0
0
1123000
1464
1454
1454
0
0
0
0
0
0
0
0
0
1124000
1466
1469
1460
0
0
0
0
0
0
0
0
0
1125000
1463
1455
1456
0
0
0
0
0
0
0
0
0
1126000
1464
1454
1455
0
0
0
0
0
0
0
0
0
1127000
1465
1459
1458
0
0
0
0
0
0
0
0
0
1128000
1471
1470
1460
0
0
0
0
0
0
0
0
0
1129000
1470
1461
1463
0
0
0
0
0
0
0
0
0
1130000
1469
1463
1462
0
0
0
0
0
0
0
0
0
1131000
1472
1479
1464
0
0
0
0
0
0
0
0
0
1132000
1478
1464
1469
0
0
0
0
0
0
0
0
0
1133000
1476
1467
1468
0
0
0
0
0
0
0
0
0
1134000
1474
1467
1468
0
0
0
0
0
0
0
0
0
1135000
1476
1473
1467
0
0
0
0
0
0
0
0
0
1136000
1477
1481
1474
0
0
0
0
0
0
0
0
0
1137000
1481
1472
1473
0
0
0
0
0
0
0
0
0
1138000
1485
1473
1474
0
0
0
0
0
0
0
0
0
1139000
1482
1472
1473
0
0
0
0
0
0
0
0
0
1140000
1480
1483
1474
0
0
0
0
0
0
0
0
0
1141000
1484
1475
1479
0
0
0
0
0
0
0
0
0
1142000
1484
1478
1482
0
0
0
0
0
0
0
0
0
1143000
1489
1477
1479
0
0
0
0
0
0
0
0
0
1144000
1500
1482
1481
0
0
0
0
0
0
0
0
0
1145000
1486
1477
1480
0
0
0
0
0
0
0
0
0
1146000
1489
1481
1480
0
0
0
0
0
0
0
0
0
1147000
1490
1482
1482
0
0
0
0
0
0
0
0
0
1148000
1495
1486
1491
0
0
0
0
0
0
0
0
0
1149000
1494
1488
1488
0
0
0
0
0
0
0
0
0
1150000
1499
1486
1487
0
0
0
0
0
0
0
0
0
1151000
1496
1486
1487
0
0
0
0
0
0
0
0
0
1152000
1499
1499
1502
0
0
0
0
0
0
0
0
0
1153000
1503
1488
1493
0
0
0
0
0
0
0
0
0
1154000
1502
1493
1494
0
0
0
0
0
0
0
0
0
1155000
1500
1493
1498
0
0
0
0
0
0
0
0
0
1156000
1505
1494
1493
0
0
0
0
0
0
0
0
0
1157000
1505
1497
1498
0
0
0
0
0
0
0
0
0
1158000
1507
1495
1501
0
0
0
0
0
0
0
0
0
1159000
1508
1498
1500
0
0
0
0
0
0
0
0
0
1160000
1509
1498
1502
0
0
0
0
0
0
0
0
0
1161000
1509
1503
1502
0
0
0
0
0
0
0
0
0
1162000
1512
1502
1504
0
0
0
0
0
0
0
0
0
1163000
1514
1505
1504
0
0
0
0
0
0
0
0
0
1164000
1516
1503
1517
0
0
0
0
0
0
0
0
0
1165000
1514
1507
1508
0
0
0
0
0
0
0
0
0
1166000
1516
1508
1508
0
0
0
0
0
0
0
0
0
1167000
1517
1506
1512
0
0
0
0
0
0
0
0
0
1168000
1518
1509
1510
0
0
0
0
0
0
0
0
0
1169000
1521
1513
1511
0
0
0
0
0
0
0
0
0
1170000
1522
1512
1512
0
0
0
0
0
0
0
0
0
1171000
1522
1514
1513
0
0
0
0
0
0
0
0
0
1172000
1525
1514
1517
0
0
0
0
0
0
0
0
0
1173000
1525
1516
1518
0
0
0
0
0
0
0
0
0
1174000
1527
1521
1518
0
0
0
0
0
0
0
0
0
1175000
1526
1520
1523
0
0
0
0
0
0
0
0
0
1176000
1528
1532
1519
0
0
0
0
0
0
0
0
0
1177000
1530
1523
1520
0
0
0
0
0
0
0
0
0
1178000
1532
1522
1519
0
0
0
0
0
0
0
0
0
1179000
1535
1524
1531
0
0
0
0
0
0
0
0
0
1180000
1532
1524
1527
0
0
0
0
0
0
0
0
0
1181000
1645
1537
1536
0
0
0
0
0
0
0
0
0
1182000
1538
1530
1530
0
0
0
0
0
0
0
0
0
1183000
1539
1528
1530
0
0
0
0
0
0
0
0
0
1184000
1542
1534
1532
0
0
0
0
0
0
0
0
0
1185000
1542
1529
1531
0
0
0
0
0
0
0
0
0
1186000
1550
1532
1576
0
0
0
0
0
0
0
0
0
1187000
1544
1537
1534
0
0
0
0
0
0
0
0
0
1188000
1554
1534
1533
0
0
0
0
0
0
0
0
0
1189000
1552
1540
1538
0
0
0
0
0
0
0
0
0
1190000
1566
1541
1541
0
0
0
0
0
0
0
0
0
1191000
1551
1549
1539
0
0
0
0
0
1
0
0
0
1192000
1551
1540
1540
0
0
0
0
0
0
0
0
0
1193000
1555
1543
1540
0
0
0
0
0
0
0
0
0
1194000
1577
1542
1555
0
0
0
0
0
0
0
0
0
1195000
1554
1540
1549
0
0
0
0
0
0
0
0
0
1196000
1557
1546
1549
0
0
0
0
0
0
0
0
0
1197000
1561
1546
1552
0
0
0
0
0
0
0
0
0
1198000
1557
1550
1550
0
0
0
0
0
0
0
0
0
1199000
1562
1550
1548
0
0
0
0
0
0
0
0
0
1200000
1562
1553
1554
0
0
0
0
0
0
0
0
0
1201000
1569
1551
1551
0
0
0
0
0
0
0
0
0
1202000
1575
1554
1557
0
0
0
0
0
0
0
0
0
1203000
1604
1555
1555
0
0
0
0
0
0
0
0
0
1204000
1567
1556
1565
0
0
0
0
0
0
0
0
0
1205000
1569
1559
1584
0
0
0
0
0
0
0
0
0
1206000
1570
1561
1558
0
0
0
0
0
0
0
0
0
1207000
1572
1564
1569
0
0
0
0
0
0
0
0
0
1208000
1570
1566
1561
0
0
0
0
0
0
0
0
0
1209000
1572
1562
1564
0
0
0
0
0
0
0
0
0
1210000
1574
1573
1566
0
0
0
0
0
0
0
0
0
1211000
1574
1584
1568
0
0
0
0
0
0
0
0
0
1212000
1599
1564
1567
0
0
0
0
0
0
0
0
0
1213000
1581
1572
1569
0
0
0
0
0
0
0
0
0
1214000
1579
1573
1568
0
0
0
0
0
0
0
0
0
1215000
1580
1569
1576
0
0
0
0
0
0
0
0
0
1216000
1586
1572
1572
0
0
0
0
0
0
0
0
0
1217000
1584
1578
1576
0
0
0
0
0
0
0
0
0
1218000
1587
1581
1576
0
0
0
0
0
0
0
0
0
1219000
1591
1579
1574
0
0
0
0
0
0
0
0
0
1220000
1620
1582
1583
0
0
0
0
0
0
0
0
0
1221000
1591
1751
1597
0
0
0
0
0
0
0
0
0
1222000
1673
1588
1596
0
0
0
0
0
0
0
0
0
1223000
1598
1748
1772
0
0
0
0
0
0
0
0
0
1224000
1595
1587
1591
0
0
0
0
0
1
0
0
0
1225000
1597
1581
1603
0
0
0
0
0
0
0
0
0
1226000
1592
1584
1589
0
0
0
0
0
0
0
0
0
1227000
1598
1587
1595
0
0
0
0
0
0
0
0
0
1228000
1604
1605
1590
0
0
0
0
0
0
0
0
0
1229000
1600
1594
1594
0
0
0
0
0
0
0
0
0
1230000
1640
1591
1590
0
0
0
0
0
0
0
0
0
1231000
1611
1592
1595
0
0
0
0
0
0
0
0
0
1232000
1604
1592
1592
0
0
0
0
0
0
0
0
0
1233000
1605
1596
1594
0
0
0
0
0
0
0
0
0
1234000
1613
1596
1599
0
0
0
0
0
0
0
0
0
1235000
1605
1597
1595
0
0
0
0
0
0
0
0
0
1236000
1607
1597
1595
0
0
0
0
0
0
0
0
0
1237000
1610
1597
1602
0
0
0
0
0
0
0
0
0
1238000
1612
1599
1602
0
0
0
0
0
0
0
0
0
1239000
1613
1600
1609
0
0
0
0
0
0
0
0
0
1240000
1610
1603
1601
0
0
0
0
0
0
0
0
0
1241000
1625
1601
1604
0
0
0
0
0
0
0
0
0
1242000
1617
1602
1608
0
0
0
0
0
0
0
0
0
1243000
1615
1609
1607
0
0
0
0
0
0
0
0
0
1244000
1619
1606
1607
0
0
0
0
0
0
0
0
0
1245000
1634
1610
1610
0
0
0
0
0
0
0
0
0
1246000
1620
1609
1610
0
0
0
0
0
0
0
0
0
1247000
1637
1615
1613
0
0
0
0
0
0
0
0
0
1248000
1622
1612
1612
0
0
0
0
0
0
0
0
0
1249000
1625
1613
1612
0
0
0
0
0
0
0
0
0
1250000
1628
1612
1615
0
0
0
0
0
0
0
0
0
1251000
1630
1615
1618
0
0
0
0
0
0
0
0
0
1252000
1628
1617
1617
0
0
0
0
0
0
0
0
0
1253000
1629
1625
1619
0
0
0
0
0
0
0
0
0
1254000
1633
1620
1621
0
0
0
0
0
0
0
0
0
1255000
1634
1620
1622
0
0
0
0
0
0
0
0
0
1256000
1642
1621
1625
0
0
0
0
0
0
0
0
0
1257000
1635
1623
1622
0
0
0
0
0
0
0
0
0
1258000
1637
1624
1626
0
0
0
0
0
0
0
0
0
1259000
1646
1630
1627
0
0
0
0
0
0
0
0
0
1260000
1639
1629
1632
0
0
0
0
0
0
0
0
0
1261000
1639
1628
1632
0
0
0
0
0
0
0
0
0
1262000
1641
1632
1633
0
0
0
0
0
0
0
0
0
1263000
1646
1633
1633
0
0
0
0
0
0
0
0
0
1264000
1644
1633
1634
0
0
0
0
0
0
0
0
0
1265000
1645
1637
1635
0
0
0
0
0
0
0
0
0
1266000
1645
1635
1637
0
0
0
0
0
0
0
0
0
1267000
1658
1636
1638
0
0
0
0
0
0
0
0
0
1268000
1651
1638
1638
0
0
0
0
0
0
0
0
0
1269000
1651
1639
1641
0
0
0
0
0
0
0
0
0
1270000
1662
1643
1649
0
0
0
0
0
0
0
0
0
1271000
1653
1643
1644
0
0
0
0
0
0
0
0
0
1272000
1654
1646
1644
0
0
0
0
0
0
0
0
0
1273000
1657
1645
1646
0
0
0
0
0
0
0
0
0
1274000
1663
1670
1691
0
0
0
0
0
0
0
0
0
1275000
1702
1683
1652
0
0
0
0
0
0
0
0
0
1276000
1661
1651
1646
0
0
0
0
0
0
0
0
0
1277000
1671
1930
1647
0
0
0
0
0
0
0
0
0
1278000
1673
1653
1652
0
0
0
0
0
0
0
0
0
1279000
1669
1650
1652
0
0
0
0
0
0
0
0
0
1280000
1662
1653
1652
0
0
0
0
0
0
0
0
0
1281000
1669
1655
1657
0
0
0
0
0
0
0
0
0
1282000
1668
1655
1659
0
0
0
0
0
0
0
0
0
1283000
1670
1660
1657
0
0
0
0
0
0
0
0
0
1284000
1670
1663
1661
0
0
0
0
0
0
0
0
0
1285000
1671
1662
1662
0
0
0
0
0
0
0
0
0
1286000
1677
1661
1667
0
0
0
0
0
0
0
0
0
1287000
1675
1661
1661
0
0
0
0
0
0
0
0
0
1288000
1677
1668
1665
0
0
0
0
0
0
0
0
0
1289000
1695
1667
1667
0
0
0
0
0
0
0
0
0
1290000
1681
1665
1669
0
0
0
0
0
0
0
0
0
1291000
1683
1666
1672
0
0
0
0
0
0
0
0
0
1292000
1682
1704
1668
0
0
0
0
0
0
0
0
0
1293000
1684
1671
1670
0
0
0
0
0
0
0
0
0
1294000
1683
1671
1673
0
0
0
0
0
0
0
0
0
1295000
1690
1671
1677
0
0
0
0
0
0
0
0
0
1296000
1693
1677
1674
0
0
0
0
0
0
0
0
0
1297000
1691
1678
1676
0
0
0
0
0
0
0
0
0
1298000
1689
1678
1676
0
0
0
0
0
0
0
0
0
1299000
1691
1681
1692
0
0
0
0
0
0
0
0
0
1300000
1690
1680
1686
0
0
0
0
0
0
0
0
0
1301000
1695
1684
1684
0
0
0
0
0
0
0
0
0
1302000
1695
1683
1684
0
0
0
0
0
0
0
0
0
1303000
1697
1684
1687
1
0
0
0
0
0
0
0
0
1304000
1698
1685
1683
0
0
0
0
0
0
0
0
0
1305000
1715
1685
1690
0
0
0
0
0
0
0
0
0
1306000
1700
1686
1690
0
0
0
0
0
0
0
0
0
1307000
1704
1692
1689
0
0
0
0
0
0
0
0
0
1308000
1705
1690
1688
0
0
0
0
0
0
0
0
0
1309000
1706
1691
1703
0
0
0
0
0
0
0
0
0
1310000
1705
1707
1693
0
0
0
0
0
0
0
0
0
1311000
1706
1691
1693
0
0
0
0
0
0
0
0
0
1312000
1708
1696
1695
0
0
0
0
0
0
0
0
0
1313000
1707
1695
1706
0
0
0
0
0
0
0
0
1
1314000
1709
1698
1699
0
0
0
0
0
0
0
0
0
1315000
1710
1698
1711
0
0
0
0
0
0
0
0
0
1316000
1714
1705
1699
0
0
0
1
0
0
0
0
0
1317000
1714
1713
1700
0
0
0
0
0
0
0
0
0
1318000
1715
1707
1705
0
0
0
0
0
0
0
0
0
1319000
1719
1702
1704
0
0
0
0
0
0
0
0
0
1320000
1715
1706
1717
0
0
0
0
0
0
0
0
0
1321000
1723
1709
1710
0
0
0
0
0
0
0
0
0
1322000
1718
1710
1709
0
0
0
0
0
0
0
0
0
1323000
1722
1707
1713
0
0
0
0
0
0
0
0
0
1324000
1724
1714
1711
0
0
0
0
0
0
0
0
0
1325000
1724
1714
1712
0
0
0
0
0
0
0
0
0
1326000
1742
1720
1719
0
0
0
0
0
0
0
0
0
1327000
1727
1712
1714
0
0
0
0
0
0
0
0
0
1328000
1731
1714
1721
0
0
0
0
0
0
0
0
0
1329000
1729
1718
1717
0
0
0
0
0
0
0
0
0
1330000
1733
1723
1722
0
0
0
0
0
0
0
0
0
1331000
1732
1727
1720
0
0
0
0
0
0
0
0
0
1332000
1737
1719
1722
0
0
0
0
0
0
0
0
0
1333000
1733
1724
1726
0
0
0
0
0
0
0
0
0
1334000
1747
1726
1725
0
0
0
0
0
0
0
0
0
1335000
1738
1725
1725
0
0
0
0
0
0
0
0
0
1336000
1737
1724
1765
0
0
0
0
0
1
0
0
0
1337000
1742
1728
1726
0
0
0
0
0
0
0
0
0
1338000
1742
1729
1727
0
0
0
0
0
0
0
0
0
1339000
1745
1727
1730
0
0
0
0
0
0
0
0
0
1340000
1742
1731
1731
0
0
0
0
0
0
0
0
0
1341000
1746
1735
1749
0
0
0
0
0
0
0
0
0
1342000
1749
1735
1744
0
0
0
0
0
0
0
0
0
1343000
1749
1734
1737
0
0
0
0
0
0
0
0
0
1344000
1750
1744
1735
0
0
0
0
0
0
0
0
0
1345000
1755
1740
1736
0
0
0
0
0
0
0
0
0
1346000
1752
1739
1742
0
0
0
0
0
0
0
0
0
1347000
1753
1740
1742
0
0
0
0
0
0
0
0
0
1348000
1756
1741
1745
0
0
0
0
0
0
0
0
0
1349000
1757
1742
1745
0
0
0
0
0
0
0
0
0
1350000
1755
1744
1746
0
0
0
0
0
0
0
0
0
1351000
1754
1746
1743
0
0
0
0
0
0
0
0
0
1352000
1770
1744
1747
0
0
0
0
0
0
0
0
0
1353000
1762
1747
1746
0
0
0
0
0
0
0
0
0
1354000
1762
1747
1748
0
0
0
0
0
0
0
0
0
1355000
1763
1749
1754
0
0
0
0
0
0
0
0
0
1356000
1763
1763
1753
0
0
0
0
0
0
0
0
0
1357000
1765
1753
1752
0
0
0
0
0
0
0
0
0
1358000
1770
1754
1753
0
0
0
0
0
0
0
0
0
1359000
1772
1757
1764
0
0
0
0
0
0
0
0
0
1360000
1770
1759
1754
0
0
0
0
0
0
0
0
0
1361000
1774
1759
1760
0
0
0
0
0
0
0
0
0
1362000
1782
1761
1762
0
0
0
0
0
0
0
0
0
1363000
1774
1758
1760
0
0
0
0
0
0
0
0
0
1364000
1777
1760
1763
0
0
0
0
0
0
0
0
0
1365000
1788
1765
1779
0
0
0
0
0
0
0
0
0
1366000
2005
1773
1769
0
0
0
0
0
0
0
0
0
1367000
1786
1770
1767
0
0
0
0
0
0
1
0
0
1368000
1782
1772
1765
0
0
0
0
0
0
0
0
0
1369000
1784
1769
1768
0
0
0
0
0
0
0
0
0
1370000
1782
1773
1769
0
0
0
0
0
0
0
0
0
1371000
1786
1772
1771
0
0
0
0
0
0
0
0
0
1372000
1786
1784
1770
0
0
0
0
0
0
0
0
0
1373000
1786
1772
1775
0
0
0
0
0
0
0
0
0
1374000
1786
1771
1771
0
0
0
0
0
0
0
0
0
1375000
1799
1776
1776
0
0
0
0
0
0
0
0
1
1376000
1791
1776
1777
0
0
0
0
0
0
0
0
0
1377000
1789
1781
1780
0
0
0
0
0
0
0
0
0
1378000
1792
1776
1781
0
0
0
0
0
0
0
0
0
1379000
1795
1780
1779
0
0
0
0
0
0
0
0
0
1380000
1796
1788
1784
0
0
0
0
0
0
0
0
0
1381000
1795
1788
1784
0
0
0
0
0
0
0
0
0
1382000
1800
1797
1785
0
0
0
0
0
0
0
0
0
1383000
1799
1785
1786
0
0
0
0
0
0
0
0
0
1384000
1802
1793
1793
0
0
0
0
0
0
0
0
0
1385000
1804
1792
1790
0
0
0
0
0
0
0
0
0
1386000
1805
1789
1790
0
0
0
0
0
0
0
0
0
1387000
1806
1788
1791
0
0
0
0
0
0
0
0
0
1388000
1806
1794
1791
0
0
0
0
0
0
0
0
0
1389000
1807
1794
1796
0
0
0
0
0
0
0
0
0
1390000
1812
1794
1797
0
0
0
0
0
0
0
0
0
1391000
1812
1795
1799
0
0
0
0
0
0
0
0
0
1392000
1812
1808
1799
0
0
0
0
0
0
0
0
0
1393000
1816
1800
1801
0
0
0
0
0
0
0
0
0
1394000
1813
1799
1802
0
0
0
0
0
0
0
0
0
1395000
1816
1802
1806
0
0
0
0
0
0
0
0
0
1396000
1814
1802
1809
0
0
0
0
0
0
0
0
0
1397000
1824
1831
1872
0
0
0
0
0
0
0
0
0
1398000
1837
1853
1811
0
0
0
0
0
0
0
0
0
1399000
1831
1817
2329
0
0
0
0
0
0
0
0
0
1400000
1828
1806
1813
0
0
0
0
0
0
0
0
0
1401000
1824
1811
1811
0
0
0
0
0
0
0
0
0
1402000
1824
1825
1809
0
0
0
0
0
0
0
0
0
1403000
1826
1810
1811
0
0
0
0
0
0
0
0
0
1404000
1829
1814
1813
0
0
0
0
0
0
0
0
0
1405000
1828
1815
1820
0
0
0
0
0
0
0
0
0
1406000
1829
1815
1822
0
0
0
0
0
0
0
0
0
1407000
1835
1844
1818
0
0
0
0
0
0
0
0
0
1408000
1837
1817
1821
0
0
0
0
0
0
0
0
0
1409000
1841
1823
1821
0
0
0
0
0
0
0
0
0
1410000
1845
1825
1822
0
0
0
0
0
0
0
0
0
1411000
1881
1823
1821
0
0
0
0
0
0
0
0
0
1412000
1851
1822
1833
0
0
0
0
0
0
0
0
0
1413000
1839
1827
1828
0
0
0
0
0
0
1
0
0
1414000
1842
1826
1829
0
0
0
0
0
0
0
0
0
1415000
1844
1826
1827
0
0
0
0
0
0
0
0
0
1416000
1849
1830
1830
0
0
0
0
0
0
0
0
0
1417000
1848
1832
1834
0
0
0
0
0
0
0
0
0
1418000
1848
1830
1850
0
0
0
0
0
0
0
0
0
1419000
1851
1833
1837
0
0
0
0
0
0
0
0
0
1420000
1916
2311
2052
0
0
0
0
0
0
0
0
0
1421000
2057
1837
1844
0
0
0
0
0
0
0
0
0
1422000
1857
1835
1835
0
0
0
0
0
0
0
0
0
1423000
1851
1840
1850
0
0
0
0
0
0
0
0
0
1424000
1859
1845
1840
0
0
0
0
0
0
0
0
0
1425000
1865
1838
1843
0
0
0
0
0
0
0
0
0
1426000
1858
1838
1854
0
0
0
0
0
0
0
0
0
1427000
1862
1842
1846
0
0
0
0
0
0
0
0
0
1428000
1863
1844
1848
0
0
0
0
0
0
0
0
0
1429000
1867
1847
1846
0
0
0
0
0
0
0
0
0
1430000
1869
1846
1846
0
0
0
0
0
0
0
0
0
1431000
1863
1859
2059
0
0
0
0
0
0
0
0
0
1432000
1913
1903
2369
0
0
0
0
0
0
0
0
0
1433000
1956
1877
1895
0
0
0
0
0
0
0
0
0
1434000
1881
1876
1857
0
0
0
0
0
0
0
0
0
1435000
1877
1856
1865
0
0
0
0
0
0
0
0
0
1436000
1877
1860
1853
0
0
0
0
0
0
0
0
0
1437000
1875
1869
1868
0
0
0
0
0
0
0
0
0
1438000
1890
1887
1867
0
0
0
0
0
0
0
0
0
1439000
1874
1861
1859
0
0
0
0
0
0
0
0
0
1440000
1880
1858
1861
0
0
0
0
0
0
0
0
0
1441000
1884
1865
1862
0
0
0
0
0
0
0
0
0
1442000
1881
1860
1859
0
0
0
0
0
0
0
0
0
1443000
1882
1863
1872
0
0
0
0
0
0
0
0
0
1444000
1882
1864
1865
0
0
0
0
0
0
0
0
0
1445000
1884
1868
1866
0
0
0
0
0
0
0
0
0
1446000
1885
1871
1867
0
0
0
0
0
0
0
0
0
1447000
1887
1874
1869
0
0
0
0
0
0
0
0
0
1448000
1889
1873
1874
0
0
0
0
0
0
0
0
0
1449000
1890
1872
1869
0
0
0
0
0
0
0
0
0
1450000
1891
1883
1874
0
0
0
0
0
0
0
0
0
1451000
1891
1875
1876
0
0
0
0
0
0
0
0
0
1452000
1893
1876
1875
0
0
0
0
0
1
0
0
0
1453000
1902
1876
1877
0
0
0
0
0
0
0
0
0
1454000
1896
1875
1876
0
0
0
0
0
0
0
0
0
1455000
1897
1892
1881
0
0
0
0
0
0
0
0
0
1456000
1900
1878
1879
0
0
0
0
0
0
0
0
0
1457000
1902
1880
1880
0
0
0
0
0
0
0
0
0
1458000
1902
1882
1882
0
0
0
0
0
0
0
0
0
1459000
1903
1903
1885
0
0
0
0
0
0
0
0
0
1460000
1913
1882
1889
0
0
0
0
0
0
0
0
0
1461000
1908
1891
1888
0
0
0
0
0
0
0
0
0
1462000
1908
1886
1892
0
0
0
0
0
0
0
0
0
1463000
1908
1885
1889
0
0
0
0
0
0
0
0
0
1464000
1909
1890
1897
0
0
0
0
0
0
0
0
0
1465000
1914
1893
1893
0
0
0
0
0
0
0
0
0
1466000
1911
1893
1893
0
0
0
0
0
0
0
0
0
1467000
1911
1903
1900
0
0
0
0
0
0
0
0
0
1468000
1915
1898
1901
0
0
0
0
0
0
0
0
0
1469000
1916
1908
1897
0
0
0
0
0
0
0
0
0
1470000
1917
1899
1899
0
0
0
0
0
0
0
0
0
1471000
1917
1899
1900
0
0
0
0
0
0
0
0
0
1472000
1922
1900
1901
0
0
0
0
0
0
0
0
0
1473000
1922
1901
1904
0
0
0
0
0
0
0
0
0
1474000
1922
1905
1915
0
0
0
0
0
0
0
0
0
1475000
1933
1905
1908
0
0
0
0
0
0
0
0
0
1476000
1924
1907
1909
0
0
0
0
0
0
0
0
0
1477000
1968
1915
1922
0
0
0
0
0
0
0
0
0
1478000
1937
1918
1914
0
0
0
0
0
0
0
0
0
1479000
1927
1911
1913
0
0
0
0
0
0
0
0
0
1480000
1932
1919
2253
0
0
0
0
0
0
0
0
0
1481000
1952
1922
2034
0
0
0
0
0
0
0
0
0
1482000
1931
1919
1919
0
0
0
0
0
0
0
0
0
1483000
1938
1917
1914
0
0
0
0
0
0
0
0
0
1484000
1931
1916
1918
0
0
0
0
0
0
0
0
0
1485000
1934
1917
1918
0
0
0
0
0
0
0
0
0
1486000
1934
1931
1923
0
0
0
0
0
0
0
0
0
1487000
1936
1920
1917
0
0
0
0
1
0
0
0
0
1488000
1947
1925
1924
0
0
0
0
0
0
0
0
0
1489000
1940
1920
1924
0
0
0
0
0
0
0
0
0
1490000
1941
1928
1942
0
0
0
0
0
0
0
0
0
1491000
1942
1923
1927
0
0
0
0
0
0
0
0
0
1492000
1944
1925
1927
0
0
0
0
0
0
0
0
0
1493000
1965
2130
1949
0
0
0
0
0
0
0
0
0
1494000
1952
1937
1937
0
0
0
0
0
0
0
0
0
1495000
1953
1936
1935
0
0
0
0
0
0
1
0
0
1496000
1953
1938
1939
0
0
0
0
0
0
0
0
0
1497000
1967
1965
1947
0
0
0
0
0
0
0
0
0
1498000
1954
1937
1947
0
0
0
0
0
0
0
0
0
1499000
1956
1939
1945
0
0
0
0
0
0
0
0
0
1500000
1963
1947
1949
0
0
0
0
0
0
0
0
0
1501000
1962
1945
1946
0
0
0
0
0
0
0
0
0
1502000
2009
1941
1959
0
0
0
0
0
0
0
0
0
1503000
1964
1946
1952
0
0
0
0
0
0
0
0
0
1504000
1966
1947
1950
0
0
0
0
0
0
0
0
0
1505000
2044
1952
1950
0
0
0
0
0
0
0
0
0
1506000
1965
1949
1961
0
0
0
0
0
0
0
0
0
1507000
1964
1949
1950
0
0
0
0
0
0
0
0
0
1508000
1965
1949
1950
0
0
0
0
0
0
0
1
0
1509000
2583
2041
1984
0
0
0
0
0
0
0
0
0
1510000
1993
1952
1955
0
0
0
0
0
0
0
0
0
1511000
1972
1958
1955
0
0
0
0
0
0
0
0
0
1512000
1977
1952
1976
0
0
0
0
0
0
0
0
0
1513000
2031
1974
1978
0
0
0
0
0
0
0
0
0